13.39,13.39 13.54 13.45 13.62 13.37 12.93 15.64 13.54 13.39
13.5394,13.5394 13.5400 13.4500 13.6200 13.3700 12.9347 15.6375 13.5400 12.8727611391
13.55,13.55 13.54 13.45 13.62 13.37 12.93 15.64 13.52 12.8714661148
13.5394,13.5394 13.5400 13.4500 13.6200 13.3700 12.9347 15.6375 13.52 12.8727611391
13.5394,13.5394 13.5400 13.4500 13.6200 13.3700 12.9347 15.6375 13.53 12.8727611391
13.55,13.55 13.54 13.45 13.62 13.37 12.93 15.64 13.54 12.8714661148
13.55,13.55 13.54 13.45 13.62 13.37 12.93 15.64 13.53 12.8714661148
13.415,13.415 13.540 13.450 13.620 13.370 12.935 15.637 13.54 13.8113416381
13.5394,13.5394 13.5400 13.4500 13.6200 13.3700 12.9347 15.6375 13.54 12.8727611391
13.39,13.39 13.54 13.45 13.62 13.37 12.93 15.64 13.55 13.39
13.55,13.55 13.54 13.45 13.62 13.37 12.93 15.64 13.55 12.8714661148
13.39,13.39 13.54 13.45 13.62 13.37 12.93 15.64 13.53 13.39
13.5394,13.5394 13.5400 13.4500 13.6200 13.3700 12.9347 15.6375 13.55 12.8727611391
13.415,13.415 13.540 13.450 13.620 13.370 12.935 15.637 13.55 13.8113416381
13.53,13.53 13.54 13.45 13.62 13.37 12.91 15.59 13.55 13.9499098205
13.53,13.53 13.54 13.45 13.62 13.37 12.91 15.59 13.55 13.9499098205
13.53,13.53 13.54 13.45 13.62 13.37 12.91 15.59 13.55 13.9499098205
13.53,13.53 13.54 13.45 13.62 13.37 12.91 15.59 13.55 13.9499098205
13.53,13.53 13.54 13.45 13.62 13.37 12.91 15.59 13.55 13.9499098205
13.53,13.53 13.54 13.45 13.62 13.37 12.91 15.59 13.55 13.9499098205
13.53,13.53 13.54 13.45 13.62 13.37 12.91 15.59 13.55 13.9499098205
13.53,13.53 13.54 13.45 13.62 13.37 12.91 15.59 13.55 13.9499098205
13.53,13.53 13.54 13.45 13.62 13.37 12.91 15.59 13.55 13.9499098205
13.53,13.53 13.54 13.45 13.62 13.37 12.91 15.59 13.55 13.9500440527
13.53,13.53 13.54 13.45 13.62 13.37 12.91 15.59 13.55 13.9501135955
13.53,13.53 13.54 13.45 13.62 13.37 12.91 15.59 13.55 13.9500440527
13.53,13.53 13.54 13.45 13.62 13.37 12.91 15.59 13.55 13.9499098205
13.53,13.53 13.54 13.45 13.62 13.37 12.91 15.59 13.55 13.9501135955
13.53,13.53 13.54 13.45 13.62 13.37 12.91 15.59 13.55 13.9500440527
13.53,13.53 13.54 13.45 13.62 13.37 12.91 15.59 13.55 13.9500440527
13.53,13.53 13.54 13.45 13.62 13.37 12.91 15.59 13.55 13.9499098205
13.53,13.53 13.54 13.45 13.62 13.37 12.91 15.59 13.55 13.9501135955
13.35,13.35 13.53 13.40 13.40 13.33 12.91 15.59 13.55 12.8070227488
13.335,13.335 13.530 13.400 13.465 13.290 12.907 15.585 13.55 12.811366153
13.06,13.06 13.53 13.40 13.47 13.05 12.91 15.56 13.06 13.9707101065
13.06,13.06 13.53 13.40 13.47 13.05 12.91 15.56 13.06 13.9707101065
13.06,13.06 13.53 13.40 13.47 13.05 12.91 15.56 13.06 13.9707101065
13.06,13.06 13.53 13.40 13.47 13.05 12.91 15.56 13.06 13.9707101065
13.06,13.06 13.53 13.40 13.47 13.05 12.91 15.56 13.06 13.9707101065
13.06,13.06 13.53 13.40 13.47 13.05 12.91 15.56 13.06 13.9707101065
13.06,13.06 13.53 13.40 13.47 13.05 12.91 15.56 13.06 13.9707101065
13.06,13.06 13.53 13.40 13.47 13.05 12.91 15.56 13.06 13.9707101065
13.06,13.06 13.53 13.40 13.47 13.05 12.91 15.56 13.06 13.9709078045
13.06,13.06 13.53 13.40 13.47 13.05 12.91 15.56 13.06 13.9709078045
