42.54,42.54 42.83 42.36 42.93 42.08 39.92 49.17 42.83 42.54
42.49,42.49 42.83 42.36 42.93 42.08 39.92 49.17 42.83 42.6935417131
42.735,42.735 42.830 42.360 42.930 42.080 39.923 49.17 042.5558 42.3989911079
42.735,42.735 42.830 42.360 42.930 42.080 39.923 49.17 042.55 42.3989911079
42.54,42.54 42.83 42.36 42.93 42.08 39.92 49.17 42.59 42.54
42.49,42.49 42.83 42.36 42.93 42.08 39.92 49.17 42.59 42.6935417131
42.435,42.435 42.830 42.360 42.930 42.080 39.923 49.17 042.60 42.3918520858
42.49,42.49 42.83 42.36 42.93 42.08 39.92 49.17 42.61 42.6935417131
42.54,42.54 42.83 42.36 42.93 42.08 39.92 49.17 42.61 42.54
42.54,42.54 42.83 42.36 42.93 42.08 39.92 49.17 42.60 42.54
42.49,42.49 42.83 42.36 42.93 42.08 39.92 49.17 42.60 42.6935417131
42.735,42.735 42.830 42.360 42.930 42.080 39.923 49.17 042.60 42.3989911079
42.735,42.735 42.830 42.360 42.930 42.080 39.923 49.17 042.61 42.3989911079
42.49,42.49 42.83 42.36 42.93 42.08 39.92 49.17 42.563 42.6935417131
42.435,42.435 42.830 42.360 42.930 42.080 39.923 49.17 042.563 42.3918520858
42.54,42.54 42.83 42.36 42.93 42.08 39.92 49.17 42.563 42.54
42.735,42.735 42.830 42.360 42.930 42.080 39.923 49.17 042.563 42.3989911079
42.61,42.61 42.83 42.36 42.93 42.08 39.93 48.96 42.60 42.7014595391
42.61,42.61 42.83 42.36 42.93 42.08 39.93 48.96 42.60 42.7014595391
42.61,42.61 42.83 42.36 42.93 42.08 39.93 48.96 42.60 42.7014595391
42.61,42.61 42.83 42.36 42.93 42.08 39.93 48.96 42.60 42.7014595391
42.61,42.61 42.83 42.36 42.93 42.08 39.93 48.96 42.60 42.7014595391
42.61,42.61 42.83 42.36 42.93 42.08 39.93 48.96 42.60 42.7014595391
42.61,42.61 42.83 42.36 42.93 42.08 39.93 48.96 42.60 42.7014595391
42.61,42.61 42.83 42.36 42.93 42.08 39.93 48.96 42.60 42.7014595391
41.95,41.95 42.61 42.15 42.31 41.74 39.93 48.96 42.60 42.3734155605
41.79,41.79 42.61 42.15 42.31 41.74 39.93 48.96 42.60 42.3736824062
41.5056,41.5056 42.6100 42.1500 42.3100 41.4900 39.9271 48.9569 42.60 42.3758997696
41.05,41.05 42.61 42.15 42.31 40.99 39.96 48.86 41.12 42.705993635
41.05,41.05 42.61 42.15 42.31 40.99 39.93 48.96 41.12 42.7059788244
41.05,41.05 42.61 42.15 42.31 40.99 39.93 48.96 41.12 42.7059925979
41.05,41.05 42.61 42.15 42.31 40.99 39.96 48.86 41.12 42.705993635
41.05,41.05 42.61 42.15 42.31 40.99 39.93 48.96 41.12 42.7059925979
41.05,41.05 42.61 42.15 42.31 40.99 39.96 48.86 41.12 42.705993635
41.05,41.05 42.61 42.15 42.31 40.99 39.93 48.96 41.12 42.7059925979
41.05,41.05 42.61 42.15 42.31 40.99 39.96 48.86 41.12 42.705993635
41.05,41.05 42.61 42.15 42.31 40.99 39.93 48.96 41.12 42.7059925979
41.05,41.05 42.61 42.15 42.31 40.99 39.93 48.96 41.12 42.7059925979
41.05,41.05 42.61 42.15 42.31 40.99 39.93 48.96 41.12 42.7059925979
41.05,41.05 42.61 42.15 42.31 40.99 39.96 48.86 41.12 42.705993635
41.05,41.05 42.61 42.15 42.31 40.99 39.93 48.96 41.12 42.7059925979
41.05,41.05 42.61 42.15 42.31 40.99 39.96 48.86 41.12 42.705993635
41.05,41.05 42.61 42.15 42.31 40.99 39.93 48.96 41.12 42.7059925979
41.05,41.05 42.61 42.15 42.31 40.99 39.96 48.86 41.12 42.705993635
41.05,41.05 42.61 42.15 42.31 40.99 39.96 48.86 41.12 42.7060160109
41.05,41.05 42.61 42.15 42.31 40.99 39.96 48.86 41.12 42.705993635
41.05,41.05 42.61 42.15 42.31 40.99 39.96 48.86 41.12 42.7060160109
41.05,41.05 42.61 42.15 42.31 40.99 39.96 48.86 41.12 42.7060160109
41.05,41.05 42.61 42.15 42.31 40.99 39.96 48.86 41.12 42.705993635
41.05,41.05 42.61 42.15 42.31 40.99 39.96 48.86 41.12 42.705993635
41.05,41.05 42.61 42.15 42.31 40.99 39.96 48.86 41.12 42.705993635
41.05,41.05 42.61 42.15 42.31 40.99 39.96 48.86 41.12 42.7060160109
41.05,41.05 42.61 42.15 42.31 40.99 39.96 48.86 41.12 42.7060160109
41.05,41.05 42.61 42.15 42.31 40.99 39.96 48.86 41.12 42.705993635
41.05,41.05 42.61 42.15 42.31 40.99 39.96 48.86 41.12 42.705993635
41.05,41.05 42.61 42.15 42.31 40.99 39.96 48.86 41.12 42.705993635
41.05,41.05 42.61 42.15 42.31 40.99 39.96 48.86 41.12 42.7060160109
41.05,41.05 42.61 42.15 42.31 40.99 39.96 48.86 41.12 42.705993635
