30.19,30.19 30.46 30.26 30.45 30.13 28.81 28.33 30.46 30.19
30.19,30.19 30.46 30.26 30.45 30.13 28.81 28.33 30.46 30.0284771864
30.305,30.305 30.460 30.260 30.450 30.200 28.812 28.328 30.31 29.9750386113
30.19,30.19 30.46 30.26 30.45 30.13 28.81 28.33 30.28 30.0284771864
30.29,30.29 30.46 30.26 30.45 30.20 28.81 28.33 30.29 29.975904974
30.19,30.19 30.46 30.26 30.45 30.13 28.81 28.33 30.29 30.19
30.19,30.19 30.46 30.26 30.45 30.13 28.81 28.33 30.29 30.0284771864
30.29,30.29 30.46 30.26 30.45 30.20 28.81 28.33 30.2894 29.975904974
30.19,30.19 30.46 30.26 30.45 30.13 28.81 28.33 30.27 30.0284771864
30.305,30.305 30.460 30.260 30.450 30.200 28.812 28.328 30.27 29.9750386113
30.305,30.305 30.460 30.260 30.450 30.200 28.812 28.328 30.29 29.9750386113
30.29,30.29 30.46 30.26 30.45 30.13 28.86 28.40 30.27 30.4191224845
30.29,30.29 30.46 30.26 30.45 30.13 28.86 28.40 30.27 30.4191224845
30.29,30.29 30.46 30.26 30.45 30.13 28.86 28.40 30.27 30.4191224845
30.29,30.29 30.46 30.26 30.45 30.13 28.86 28.40 30.27 30.4191224845
30.29,30.29 30.46 30.26 30.45 30.13 28.86 28.40 30.27 30.4191224845
30.29,30.29 30.46 30.26 30.45 30.13 28.86 28.40 30.27 30.4191224845
30.29,30.29 30.46 30.26 30.45 30.13 28.86 28.40 30.27 30.4191224845
30.29,30.29 30.46 30.26 30.45 30.13 28.86 28.40 30.27 30.419151307
30.29,30.29 30.46 30.26 30.45 30.13 28.86 28.40 30.27 30.4191224845
30.29,30.29 30.46 30.26 30.45 30.13 28.86 28.40 30.27 30.4191542252
30.29,30.29 30.46 30.26 30.45 30.13 28.86 28.40 30.27 30.4191542252
30.29,30.29 30.46 30.26 30.45 30.13 28.86 28.40 30.27 30.419151307
30.29,30.29 30.46 30.26 30.45 30.13 28.86 28.40 30.27 30.4191224845
30.29,30.29 30.46 30.26 30.45 30.13 28.86 28.40 30.27 30.4191542252
30.29,30.29 30.46 30.26 30.45 30.13 28.86 28.40 30.27 30.4191542252
30.04,30.04 30.29 30.08 30.09 30.04 28.86 28.40 30.27 29.950086621
30.05,30.05 30.29 30.08 30.11 30.00 28.86 28.40 30.27 29.9517415037
30.06,30.06 30.29 30.08 30.22 29.97 28.90 28.44 30.12 30.4258205022
30.06,30.06 30.29 30.08 30.22 29.97 28.90 28.44 30.12 30.4258205022
30.06,30.06 30.29 30.08 30.22 29.97 28.90 28.44 30.12 30.4258205022
30.06,30.06 30.29 30.08 30.22 29.97 28.90 28.44 30.12 30.4258205022
30.06,30.06 30.29 30.08 30.22 29.97 28.90 28.44 30.12 30.4258205022
30.06,30.06 30.29 30.08 30.22 29.97 28.90 28.44 30.12 30.4258205022
30.06,30.06 30.29 30.08 30.22 29.97 28.90 28.44 30.12 30.4258328281
30.06,30.06 30.29 30.08 30.22 29.97 28.90 28.44 30.12 30.4258328281
30.06,30.06 30.29 30.08 30.22 29.97 28.90 28.44 30.12 30.4258205022
30.06,30.06 30.29 30.08 30.22 29.97 28.90 28.44 30.12 30.4258328281
30.06,30.06 30.29 30.08 30.22 29.97 28.90 28.44 30.12 30.4258205022
30.06,30.06 30.29 30.08 30.22 29.97 28.90 28.44 30.12 30.4258328281
