59.325,59.325 61.260 61.070 61.140 59.220 59.887 61.303 61.260 59.325
59.325,59.325 61.260 61.070 61.140 59.220 59.887 61.303 59.25 59.325
59.42,59.42 61.26 61.07 61.14 59.36 59.89 61.3 059.25 59.2285058563
59.68,59.68 61.26 61.07 61.14 59.36 59.89 61.3 059.25 59.2243917448
59.42,59.42 61.26 61.07 61.14 59.36 59.89 61.3 059.40 59.2285058563
59.12,59.12 61.26 61.07 61.14 58.79 59.89 61.3 059.25 59.4337153026
59.68,59.68 61.26 61.07 61.14 59.36 59.89 61.3 059.6077 59.2243917448
59.325,59.325 61.260 61.070 61.140 59.220 59.887 61.303 59.30 59.325
59.12,59.12 61.26 61.07 61.14 58.79 59.89 61.3 059.30 59.4337153026
59.68,59.68 61.26 61.07 61.14 59.36 59.89 61.3 059.37 59.2243917448
59.42,59.42 61.26 61.07 61.14 59.36 59.89 61.3 059.37 59.2285058563
59.325,59.325 61.260 61.070 61.140 59.220 59.887 61.303 59.37 59.325
59.25,59.25 61.26 61.07 61.14 58.79 59.94 61.38 59.46 59.4379628446
59.25,59.25 61.26 61.07 61.14 58.79 59.94 61.38 59.46 59.4379628446
59.25,59.25 61.26 61.07 61.14 58.79 59.94 61.38 59.46 59.4379628446
59.25,59.25 61.26 61.07 61.14 58.79 59.94 61.38 59.46 59.4379628446
59.25,59.25 61.26 61.07 61.14 58.79 59.94 61.38 59.46 59.4379628446
59.25,59.25 61.26 61.07 61.14 58.79 59.94 61.38 59.46 59.4379628446
59.25,59.25 61.26 61.07 61.14 58.79 59.94 61.38 59.46 59.4379628446
59.25,59.25 61.26 61.07 61.14 58.79 59.94 61.38 59.46 59.4379628446
59.25,59.25 61.26 61.07 61.14 58.79 59.94 61.38 59.46 59.4379628446
59.25,59.25 61.26 61.07 61.14 58.79 59.94 61.38 59.46 59.4379628446
59.25,59.25 61.26 61.07 61.14 58.79 59.94 61.38 59.46 59.4379628446
59.25,59.25 61.26 61.07 61.14 58.79 59.94 61.38 59.46 59.4379628446
59.25,59.25 61.26 61.07 61.14 58.79 59.94 61.38 59.46 59.4379628446
59.25,59.25 61.26 61.07 61.14 58.79 59.94 61.38 59.46 59.4379628446
59.25,59.25 61.26 61.07 61.14 58.79 59.94 61.38 59.46 59.4379628446
59.25,59.25 61.26 61.07 61.14 58.79 59.94 61.38 59.46 59.4379628446
59.26,59.26 59.25 59.04 59.35 58.71 59.94 61.38 59.46 59.2101239403
59.24,59.24 59.25 59.04 59.35 58.71 59.94 61.38 59.46 59.2099728157
59.99,59.99 59.25 59.04 60.30 58.71 59.94 61.38 59.46 59.2124984881
59.81,59.81 59.25 59.04 60.60 58.71 59.94 61.38 59.83 59.4291440935
59.81,59.81 59.25 59.04 60.60 58.71 59.94 61.38 59.83 59.4291132424
59.81,59.81 59.25 59.04 60.60 58.71 59.93 61.43 59.83 59.4291440935
59.81,59.81 59.25 59.04 60.60 58.71 59.93 61.43 59.83 59.4291440935
59.81,59.81 59.25 59.04 60.60 58.71 59.93 61.43 59.83 59.4291440935
59.81,59.81 59.25 59.04 60.60 58.71 59.93 61.43 59.83 59.4291440935
59.81,59.81 59.25 59.04 60.60 58.71 59.93 61.43 59.83 59.4291440935
59.81,59.81 59.25 59.04 60.60 58.71 59.94 61.38 59.83 59.4291440935
59.81,59.81 59.25 59.04 60.60 58.71 59.93 61.43 59.83 59.4291440935
59.81,59.81 59.25 59.04 60.60 58.71 59.93 61.43 59.83 59.4291440935
59.81,59.81 59.25 59.04 60.60 58.71 59.93 61.43 59.83 59.4291654297
59.81,59.81 59.25 59.04 60.60 58.71 59.93 61.43 59.83 59.4291440935
59.81,59.81 59.25 59.04 60.60 58.71 59.93 61.43 59.83 59.4291440935
59.81,59.81 59.25 59.04 60.60 58.71 59.93 61.43 59.83 59.4291440935
59.81,59.81 59.25 59.04 60.60 58.71 59.93 61.43 59.83 59.4291440935
59.81,59.81 59.25 59.04 60.60 58.71 59.93 61.43 59.83 59.4291440935
59.81,59.81 59.25 59.04 60.60 58.71 59.93 61.43 59.83 59.4291654297
59.81,59.81 59.25 59.04 60.60 58.71 59.93 61.43 59.83 59.4291440935
59.81,59.81 59.25 59.04 60.60 58.71 59.93 61.43 59.83 59.4291654297
59.81,59.81 59.25 59.04 60.60 58.71 59.93 61.43 59.83 59.4291654297
59.81,59.81 59.25 59.04 60.60 58.71 59.93 61.43 59.83 59.4291440935
59.81,59.81 59.25 59.04 60.60 58.71 59.93 61.43 59.83 59.4291440935
59.81,59.81 59.25 59.04 60.60 58.71 59.93 61.43 59.83 59.4291440935
59.81,59.81 59.25 59.04 60.60 58.71 59.93 61.43 59.83 59.4291440935
59.81,59.81 59.25 59.04 60.60 58.71 59.93 61.43 59.83 59.4291440935
59.81,59.81 59.25 59.04 60.60 58.71 59.93 61.43 59.83 59.4291654297
59.81,59.81 59.25 59.04 60.60 58.71 59.93 61.43 59.83 59.4291440935
