19.365,19.365 19.360 19.110 19.730 18.770 17.156 23.954 19.360 19.365
19.11,19.11 19.36 19.11 19.73 18.77 17.16 23.95 19.36 19.6813508898
19.11,19.11 19.36 19.11 19.73 18.77 17.16 23.95 19.15 19.6813508898
19.34,19.34 19.36 19.11 19.73 18.77 17.16 23.95 19.15 19.1069638256
19.365,19.365 19.360 19.110 19.730 18.770 17.156 23.954 19.17 19.365
19.34,19.34 19.36 19.11 19.73 18.77 17.16 23.95 19.17 19.1069638256
19.365,19.365 19.360 19.110 19.730 18.770 17.156 23.954 19.2062 19.365
19.11,19.11 19.36 19.11 19.73 18.77 17.16 23.95 19.17 19.6813508898
19.34,19.34 19.36 19.11 19.73 18.77 17.16 23.95 19.1799 19.1069638256
19.365,19.365 19.360 19.110 19.730 18.770 17.156 23.954 19.1799 19.365
19.11,19.11 19.36 19.11 19.73 18.77 17.16 23.95 19.18 19.6813508898
19.12,19.12 19.36 19.11 19.73 18.77 17.16 23.95 19.18 19.6811386561
19.365,19.365 19.360 19.110 19.730 18.770 17.156 23.954 19.18 19.365
19.11,19.11 19.36 19.11 19.73 18.77 17.16 23.95 19.16 19.6813508898
19.34,19.34 19.36 19.11 19.73 18.77 17.16 23.95 19.16 19.1069638256
19.12,19.12 19.36 19.11 19.73 18.77 17.16 23.95 19.16 19.6811386561
19.365,19.365 19.360 19.110 19.730 18.770 17.156 23.954 19.16 19.365
19.17,19.17 19.36 19.11 19.73 18.77 17.13 23.88 19.15 19.7141768037
19.17,19.17 19.36 19.11 19.73 18.77 17.19 23.84 19.15 19.7141768037
19.17,19.17 19.36 19.11 19.73 18.77 17.13 23.88 19.15 19.7141768037
19.17,19.17 19.36 19.11 19.73 18.77 17.19 23.84 19.15 19.7141768037
19.17,19.17 19.36 19.11 19.73 18.77 17.13 23.88 19.15 19.7141768037
19.17,19.17 19.36 19.11 19.73 18.77 17.19 23.84 19.15 19.7141768037
19.17,19.17 19.36 19.11 19.73 18.77 17.19 23.84 19.15 19.7141768037
19.17,19.17 19.36 19.11 19.73 18.77 17.19 23.84 19.15 19.7141768037
19.17,19.17 19.36 19.11 19.73 18.77 17.13 23.88 19.15 19.7141768037
19.17,19.17 19.36 19.11 19.73 18.77 17.19 23.84 19.15 19.7141768037
19.17,19.17 19.36 19.11 19.73 18.77 17.13 23.88 19.15 19.7141768037
19.17,19.17 19.36 19.11 19.73 18.77 17.13 23.88 19.15 19.7141768037
19.17,19.17 19.36 19.11 19.73 18.77 17.19 23.84 19.15 19.7141768037
19.17,19.17 19.36 19.11 19.73 18.77 17.13 23.88 19.15 19.7141768037
19.17,19.17 19.36 19.11 19.73 18.77 17.19 23.84 19.15 19.7141768037
19.17,19.17 19.36 19.11 19.73 18.77 17.13 23.88 19.15 19.7141768037
19.17,19.17 19.36 19.11 19.73 18.77 17.13 23.88 19.15 19.7141768037
19.17,19.17 19.36 19.11 19.73 18.77 17.19 23.84 19.15 19.7141768037
19.17,19.17 19.36 19.11 19.73 18.77 17.13 23.88 19.15 19.7141768037
19.17,19.17 19.36 19.11 19.73 18.77 17.19 23.84 19.15 19.714405751
19.17,19.17 19.36 19.11 19.73 18.77 17.13 23.88 19.15 19.7141768037
19.17,19.17 19.36 19.11 19.73 18.77 17.19 23.84 19.15 19.714405751
19.17,19.17 19.36 19.11 19.73 18.77 17.19 23.84 19.15 19.714405751
19.17,19.17 19.36 19.11 19.73 18.77 17.19 23.84 19.15 19.7141768037
19.17,19.17 19.36 19.11 19.73 18.77 17.19 23.84 19.15 19.714541669
19.17,19.17 19.36 19.11 19.73 18.77 17.19 23.84 19.15 19.7141768037
19.17,19.17 19.36 19.11 19.73 18.77 17.19 23.84 19.15 19.714405751
19.17,19.17 19.36 19.11 19.73 18.77 17.19 23.84 19.15 19.714405751
19.17,19.17 19.36 19.11 19.73 18.77 17.19 23.84 19.15 19.7141768037
19.17,19.17 19.36 19.11 19.73 18.77 17.19 23.84 19.15 19.714541669
19.05,19.05 19.17 19.10 19.11 19.05 17.19 23.84 19.15 18.996175881
18.87,18.87 19.17 19.10 19.15 18.70 17.19 23.84 19.15 18.998519038
18.33,18.33 19.17 19.10 19.15 18.33 17.22 23.79 18.40 19.694758961
18.33,18.33 19.17 19.10 19.15 18.33 17.22 23.79 18.40 19.694758961
18.33,18.33 19.17 19.10 19.15 18.33 17.22 23.79 18.40 19.694758961
18.33,18.33 19.17 19.10 19.15 18.33 17.22 23.79 18.40 19.694758961
18.33,18.33 19.17 19.10 19.15 18.33 17.22 23.79 18.40 19.694758961
18.33,18.33 19.17 19.10 19.15 18.33 17.22 23.79 18.40 19.694758961
18.33,18.33 19.17 19.10 19.15 18.33 17.22 23.79 18.40 19.694758961
18.33,18.33 19.17 19.10 19.15 18.33 17.22 23.79 18.40 19.694758961
18.33,18.33 19.17 19.10 19.15 18.33 17.22 23.79 18.40 19.694758961
18.33,18.33 19.17 19.10 19.15 18.33 17.22 23.79 18.40 19.694758961
18.33,18.33 19.17 19.10 19.15 18.33 17.22 23.79 18.40 19.694758961
18.33,18.33 19.17 19.10 19.15 18.33 17.22 23.79 18.40 19.694758961
18.33,18.33 19.17 19.10 19.15 18.33 17.22 23.79 18.40 19.6953830127
18.33,18.33 19.17 19.10 19.15 18.33 17.22 23.79 18.40 19.6953830127
18.33,18.33 19.17 19.10 19.15 18.33 17.22 23.79 18.40 19.6953830127
18.33,18.33 19.17 19.10 19.15 18.33 17.22 23.79 18.40 19.6953830127
18.33,18.33 19.17 19.10 19.15 18.33 17.22 23.79 18.40 19.6953830127
