13.39,13.54 13.45 13.62 13.37 12.93 15.64 13.54 13.46 66231335
13.5394,13.5400 13.4500 13.6200 13.3700 12.9347 15.6375 13.5400 13.46 57801321
13.55,13.54 13.45 13.62 13.37 12.93 15.64 13.52 13.46 57457920
13.5394,13.5400 13.4500 13.6200 13.3700 12.9347 15.6375 13.52 13.46 57801321
13.5394,13.5400 13.4500 13.6200 13.3700 12.9347 15.6375 13.53 13.46 57801321
13.55,13.54 13.45 13.62 13.37 12.93 15.64 13.54 13.46 57457920
13.39,13.54 13.45 13.62 13.37 12.93 15.64 13.54 13.46 66231335
13.55,13.54 13.45 13.62 13.37 12.93 15.64 13.54 13.46 57457920
13.55,13.54 13.45 13.62 13.37 12.93 15.64 13.53 13.46 57457920
13.39,13.54 13.45 13.62 13.37 12.93 15.64 13.54 13.46 66231335
13.415,13.540 13.450 13.620 13.370 12.935 15.637 13.54 13.46 66669627
13.5394,13.5400 13.4500 13.6200 13.3700 12.9347 15.6375 13.54 13.46 57801321
13.39,13.54 13.45 13.62 13.37 12.93 15.64 13.54 13.46 66231335
13.39,13.54 13.45 13.62 13.37 12.93 15.64 13.55 13.46 66231335
13.39,13.54 13.45 13.62 13.37 12.93 15.64 13.55 13.46 66231335
13.55,13.54 13.45 13.62 13.37 12.93 15.64 13.55 13.46 57457920
13.5394,13.5400 13.4500 13.6200 13.3700 12.9347 15.6375 13.53 13.46 57801321
13.39,13.54 13.45 13.62 13.37 12.93 15.64 13.53 13.46 66231335
13.5394,13.5400 13.4500 13.6200 13.3700 12.9347 15.6375 13.55 13.46 57801321
13.5394,13.5400 13.4500 13.6200 13.3700 12.9347 15.6375 13.55 13.46 57801321
13.55,13.54 13.45 13.62 13.37 12.93 15.64 13.55 13.46 57457920
13.415,13.540 13.450 13.620 13.370 12.935 15.637 13.55 13.46 66669627
13.55,13.54 13.45 13.62 13.37 12.93 15.64 13.54 13.46 57457920
13.55,13.54 13.45 13.62 13.37 12.93 15.64 13.54 13.46 57457920
13.5394,13.5400 13.4500 13.6200 13.3700 12.9347 15.6375 13.54 13.46 57801321
13.415,13.540 13.450 13.620 13.370 12.935 15.637 13.54 13.46 66669627
13.55,13.54 13.45 13.62 13.37 12.93 15.64 13.54 13.46 57457920
13.55,13.54 13.45 13.62 13.37 12.93 15.64 13.55 13.46 57457920
13.55,13.54 13.45 13.62 13.37 12.93 15.64 13.55 13.46 57457920
13.5394,13.5400 13.4500 13.6200 13.3700 12.9347 15.6375 13.54 13.46 57801321
13.5394,13.5400 13.4500 13.6200 13.3700 12.9347 15.6375 13.55 13.46 57801321
13.39,13.54 13.45 13.62 13.37 12.93 15.64 13.55 13.46 66231335
13.5394,13.5400 13.4500 13.6200 13.3700 12.9347 15.6375 13.55 13.46 57801321
13.53,13.54 13.45 13.62 13.37 12.91 15.59 13.55 13.45 97650344
13.53,13.54 13.45 13.62 13.37 12.91 15.59 13.55 13.45 97650344
13.53,13.54 13.45 13.62 13.37 12.91 15.59 13.55 13.45 97650344
13.53,13.54 13.45 13.62 13.37 12.91 15.59 13.55 13.45 97650344
13.53,13.54 13.45 13.62 13.37 12.91 15.59 13.55 13.45 97650344
13.53,13.54 13.45 13.62 13.37 12.91 15.59 13.55 13.45 97650344
13.53,13.54 13.45 13.62 13.37 12.91 15.59 13.55 13.45 97650344
13.53,13.54 13.45 13.62 13.37 12.91 15.59 13.55 13.45 97650344
13.53,13.54 13.45 13.62 13.37 12.91 15.59 13.55 13.45 97650344
13.53,13.54 13.45 13.62 13.37 12.91 15.59 13.55 13.45 97650344
13.53,13.54 13.45 13.62 13.37 12.91 15.59 13.55 13.45 97650344
13.53,13.54 13.45 13.62 13.37 12.91 15.59 13.55 13.45 97650344
13.53,13.54 13.45 13.62 13.37 12.91 15.59 13.55 13.45 97650344
13.53,13.54 13.45 13.62 13.37 12.91 15.59 13.55 13.45 97650344
13.53,13.54 13.45 13.62 13.37 12.91 15.59 13.55 13.45 97650344
13.53,13.54 13.45 13.62 13.37 12.91 15.59 13.55 13.45 97650344
13.53,13.54 13.45 13.62 13.37 12.91 15.59 13.55 13.45 97650344
13.53,13.54 13.45 13.62 13.37 12.91 15.59 13.55 13.45 97650344
13.53,13.54 13.45 13.62 13.37 12.91 15.59 13.55 13.45 97650344
13.53,13.54 13.45 13.62 13.37 12.91 15.59 13.55 13.46 97650344
13.53,13.54 13.45 13.62 13.37 12.91 15.59 13.55 13.46 97650344
13.53,13.54 13.45 13.62 13.37 12.91 15.59 13.55 13.46 97650344
13.53,13.54 13.45 13.62 13.37 12.91 15.59 13.55 13.46 97650344
13.53,13.54 13.45 13.62 13.37 12.91 15.59 13.55 13.46 97650344
13.53,13.54 13.45 13.62 13.37 12.91 15.59 13.55 13.46 97650344
13.53,13.54 13.45 13.62 13.37 12.91 15.59 13.55 13.46 97650344
13.53,13.54 13.45 13.62 13.37 12.91 15.59 13.55 13.46 97650344
13.53,13.54 13.45 13.62 13.37 12.91 15.59 13.55 13.46 97650344
13.53,13.54 13.45 13.62 13.37 12.91 15.59 13.55 13.41 97650344
13.53,13.54 13.45 13.62 13.37 12.91 15.59 13.55 13.41 97650344
13.53,13.54 13.45 13.62 13.37 12.91 15.59 13.55 13.41 97650344
13.53,13.54 13.45 13.62 13.37 12.91 15.59 13.55 13.41 97650344
13.53,13.54 13.45 13.62 13.37 12.91 15.59 13.55 13.41 97650344
13.53,13.54 13.45 13.62 13.37 12.91 15.59 13.55 13.43 97650344
13.53,13.54 13.45 13.62 13.37 12.91 15.59 13.55 13.46 97650344
13.53,13.54 13.45 13.62 13.37 12.91 15.59 13.55 13.48 97650344
13.53,13.54 13.45 13.62 13.37 12.91 15.59 13.55 13.48 97650344
13.53,13.54 13.45 13.62 13.37 12.91 15.59 13.55 13.48 97650344
13.53,13.54 13.45 13.62 13.37 12.91 15.59 13.55 13.49 97650344
13.53,13.54 13.45 13.62 13.37 12.91 15.59 13.55 13.49 97650344
13.53,13.54 13.45 13.62 13.37 12.91 15.59 13.55 13.49 97650344
13.53,13.54 13.45 13.62 13.37 12.91 15.59 13.55 13.49 97650344
13.53,13.54 13.45 13.62 13.37 12.91 15.59 13.55 13.49 97650344
13.53,13.54 13.45 13.62 13.37 12.91 15.59 13.55 13.50 97650344
13.53,13.54 13.45 13.62 13.37 12.91 15.59 13.55 13.49 97650344
13.53,13.54 13.45 13.62 13.37 12.91 15.59 13.55 13.49 97650344
13.53,13.54 13.45 13.62 13.37 12.91 15.59 13.55 13.49 97650344
13.53,13.54 13.45 13.62 13.37 12.91 15.59 13.55 13.50 97650344
13.53,13.54 13.45 13.62 13.37 12.91 15.59 13.55 13.49 97650344
13.53,13.54 13.45 13.62 13.37 12.91 15.59 13.55 13.49 97650344
13.53,13.54 13.45 13.62 13.37 12.91 15.59 13.55 13.49 97650344
13.53,13.54 13.45 13.62 13.37 12.91 15.59 13.55 13.48 97650344
13.53,13.54 13.45 13.62 13.37 12.91 15.59 13.55 13.47 97650344
13.53,13.54 13.45 13.62 13.37 12.91 15.59 13.55 13.47 97650344
13.53,13.54 13.45 13.62 13.37 12.91 15.59 13.55 13.47 97650344
13.53,13.54 13.45 13.62 13.37 12.91 15.59 13.55 13.47 97650344
13.53,13.54 13.45 13.62 13.37 12.91 15.59 13.55 13.48 97650344
13.53,13.54 13.45 13.62 13.37 12.91 15.59 13.55 13.48 97650344
13.53,13.54 13.45 13.62 13.37 12.91 15.59 13.55 13.48 97650344
13.53,13.54 13.45 13.62 13.37 12.91 15.59 13.55 13.47 97650344
13.53,13.54 13.45 13.62 13.37 12.91 15.59 13.55 13.475 97650344
13.53,13.54 13.45 13.62 13.37 12.91 15.59 13.55 13.49 97650344
13.53,13.54 13.45 13.62 13.37 12.91 15.59 13.55 13.48 97650344
13.53,13.54 13.45 13.62 13.37 12.91 15.59 13.55 13.49 97650344
13.53,13.54 13.45 13.62 13.37 12.91 15.59 13.55 13.48 97780644
13.53,13.54 13.45 13.62 13.37 12.91 15.59 13.55 13.48 97848362
13.53,13.54 13.45 13.62 13.37 12.91 15.59 13.55 13.48 97848362
13.53,13.54 13.45 13.62 13.37 12.91 15.59 13.55 13.48 97780644
13.53,13.54 13.45 13.62 13.37 12.91 15.59 13.55 13.47 97650344
13.53,13.54 13.45 13.62 13.37 12.91 15.59 13.55 13.45 97780644
13.53,13.54 13.45 13.62 13.37 12.91 15.59 13.55 13.44 97650344
13.53,13.54 13.45 13.62 13.37 12.91 15.59 13.55 13.45 97780644
13.53,13.54 13.45 13.62 13.37 12.91 15.59 13.55 13.43 97848362
13.53,13.54 13.45 13.62 13.37 12.91 15.59 13.55 13.44 97650344
13.53,13.54 13.45 13.62 13.37 12.91 15.59 13.55 13.44 97650344
13.53,13.54 13.45 13.62 13.37 12.91 15.59 13.55 13.44 97780644
13.53,13.54 13.45 13.62 13.37 12.91 15.59 13.55 13.43 97650344
13.53,13.54 13.45 13.62 13.37 12.91 15.59 13.55 13.40 97780644
13.53,13.54 13.45 13.62 13.37 12.91 15.59 13.55 13.40 97650344
13.53,13.54 13.45 13.62 13.37 12.91 15.59 13.55 13.40 97780644
13.53,13.54 13.45 13.62 13.37 12.91 15.59 13.55 13.40 97848362
13.53,13.54 13.45 13.62 13.37 12.91 15.59 13.55 13.40 97650344
13.53,13.54 13.45 13.62 13.37 12.91 15.59 13.55 13.40 97848362
13.53,13.54 13.45 13.62 13.37 12.91 15.59 13.55 13.40 97848362
13.53,13.54 13.45 13.62 13.37 12.91 15.59 13.55 13.40 97650344
13.35,13.53 13.40 13.40 13.33 12.91 15.59 13.55 13.40 2248219
13.53,13.54 13.45 13.62 13.37 12.91 15.59 13.55 13.40 97848362
13.53,13.54 13.45 13.62 13.37 12.91 15.59 13.55 13.40 97848362
13.335,13.530 13.400 13.465 13.290 12.907 15.585 13.55 13.40 10267534
13.53,13.54 13.45 13.62 13.37 12.91 15.59 13.55 13.40 97848362
13.35,13.53 13.40 13.40 13.33 12.91 15.59 13.55 13.40 2248219
13.53,13.54 13.45 13.62 13.37 12.91 15.59 13.55 13.40 97780644
13.53,13.54 13.45 13.62 13.37 12.91 15.59 13.55 13.40 97780644
13.53,13.54 13.45 13.62 13.37 12.91 15.59 13.55 13.40 97848362
13.53,13.54 13.45 13.62 13.37 12.91 15.59 13.55 13.40 97848362
13.53,13.54 13.45 13.62 13.37 12.91 15.59 13.55 13.40 97780644
13.53,13.54 13.45 13.62 13.37 12.91 15.59 13.55 13.40 97780644
13.335,13.530 13.400 13.465 13.290 12.907 15.585 13.55 13.40 10267534
13.335,13.530 13.400 13.465 13.290 12.907 15.585 13.55 13.40 10267534
13.35,13.53 13.40 13.40 13.33 12.91 15.59 13.55 13.40 2248219
13.335,13.530 13.400 13.465 13.290 12.907 15.585 13.55 13.40 10267534
13.335,13.530 13.400 13.465 13.290 12.907 15.585 13.55 13.40 10267534
13.335,13.530 13.400 13.465 13.290 12.907 15.585 13.55 13.40 10267534
13.53,13.54 13.45 13.62 13.37 12.91 15.59 13.55 13.40 97780644
13.35,13.53 13.40 13.40 13.33 12.91 15.59 13.55 13.40 2248219
13.53,13.54 13.45 13.62 13.37 12.91 15.59 13.55 13.40 97780644
13.35,13.53 13.40 13.40 13.33 12.91 15.59 13.55 13.40 2248219
13.53,13.54 13.45 13.62 13.37 12.91 15.59 13.55 13.40 97780644
13.53,13.54 13.45 13.62 13.37 12.91 15.59 13.55 13.40 97780644
13.35,13.53 13.40 13.40 13.33 12.91 15.59 13.55 13.40 2248219
13.35,13.53 13.40 13.40 13.33 12.91 15.59 13.55 13.40 2248219
13.53,13.54 13.45 13.62 13.37 12.91 15.59 13.55 13.40 97780644
13.335,13.530 13.400 13.465 13.290 12.907 15.585 13.55 13.40 10267534
13.53,13.54 13.45 13.62 13.37 12.91 15.59 13.55 13.40 97848362
13.335,13.530 13.400 13.465 13.290 12.907 15.585 13.55 13.40 10267534
13.53,13.54 13.45 13.62 13.37 12.91 15.59 13.55 13.40 97780644
13.53,13.54 13.45 13.62 13.37 12.91 15.59 13.55 13.40 97780644
13.53,13.54 13.45 13.62 13.37 12.91 15.59 13.55 13.40 97848362
13.35,13.53 13.40 13.40 13.33 12.91 15.59 13.55 13.40 2248219
13.53,13.54 13.45 13.62 13.37 12.91 15.59 13.55 13.40 97780644
13.53,13.54 13.45 13.62 13.37 12.91 15.59 13.55 13.40 97780644
13.35,13.53 13.40 13.40 13.33 12.91 15.59 13.55 13.40 2248219
13.06,13.53 13.40 13.47 13.05 12.91 15.56 13.06 13.15 125894779
13.06,13.53 13.40 13.47 13.05 12.91 15.56 13.06 13.15 125894779
13.06,13.53 13.40 13.47 13.05 12.91 15.56 13.06 13.15 125894779
13.06,13.53 13.40 13.47 13.05 12.91 15.56 13.06 13.15 125894779
13.06,13.53 13.40 13.47 13.05 12.91 15.56 13.06 13.15 125894779
13.06,13.53 13.40 13.47 13.05 12.91 15.56 13.06 13.15 125894779
13.06,13.53 13.40 13.47 13.05 12.91 15.56 13.06 13.15 125894779
13.06,13.53 13.40 13.47 13.05 12.91 15.56 13.06 13.15 125894779
13.06,13.53 13.40 13.47 13.05 12.91 15.56 13.06 13.15 125894779
13.06,13.53 13.40 13.47 13.05 12.91 15.56 13.06 13.15 125894779
13.06,13.53 13.40 13.47 13.05 12.91 15.56 13.06 13.15 125894779
13.06,13.53 13.40 13.47 13.05 12.91 15.56 13.06 13.15 125894779
13.06,13.53 13.40 13.47 13.05 12.91 15.56 13.06 13.15 125894779
13.06,13.53 13.40 13.47 13.05 12.91 15.56 13.06 13.15 125894779
13.06,13.53 13.40 13.47 13.05 12.91 15.56 13.06 13.15 125894779
13.06,13.53 13.40 13.47 13.05 12.91 15.56 13.06 13.15 125894779
13.06,13.53 13.40 13.47 13.05 12.91 15.56 13.06 13.15 125894779
13.06,13.53 13.40 13.47 13.05 12.91 15.56 13.06 13.15 125894779
13.06,13.53 13.40 13.47 13.05 12.91 15.56 13.06 13.15 125894779
13.06,13.53 13.40 13.47 13.05 12.91 15.56 13.06 13.15 125894779
13.06,13.53 13.40 13.47 13.05 12.91 15.56 13.06 13.15 125894779
13.06,13.53 13.40 13.47 13.05 12.91 15.56 13.06 13.15 125894779
13.06,13.53 13.40 13.47 13.05 12.91 15.56 13.06 13.15 125894779
13.06,13.53 13.40 13.47 13.05 12.91 15.56 13.06 13.15 125894779
13.06,13.53 13.40 13.47 13.05 12.91 15.56 13.06 13.15 125894779
13.06,13.53 13.40 13.47 13.05 12.91 15.56 13.06 13.15 125894779
13.06,13.53 13.40 13.47 13.05 12.91 15.56 13.06 13.15 125894779
13.06,13.53 13.40 13.47 13.05 12.91 15.56 13.06 13.15 125894779
13.06,13.53 13.40 13.47 13.05 12.91 15.56 13.06 13.15 125894779
13.06,13.53 13.40 13.47 13.05 12.91 15.56 13.06 13.15 125894779
13.06,13.53 13.40 13.47 13.05 12.91 15.56 13.06 13.15 125894779
13.06,13.53 13.40 13.47 13.05 12.91 15.56 13.06 13.15 125894779
13.06,13.53 13.40 13.47 13.05 12.91 15.56 13.06 13.15 125894779
13.06,13.53 13.40 13.47 13.05 12.91 15.56 13.06 13.15 125894779
13.06,13.53 13.40 13.47 13.05 12.91 15.56 13.06 13.15 125894779
13.06,13.53 13.40 13.47 13.05 12.91 15.56 13.06 13.15 125894779
13.06,13.53 13.40 13.47 13.05 12.91 15.56 13.06 13.15 125894779
13.06,13.53 13.40 13.47 13.05 12.91 15.56 13.06 13.15 125894779
13.06,13.53 13.40 13.47 13.05 12.91 15.56 13.06 13.18 125894779
13.06,13.53 13.40 13.47 13.05 12.91 15.56 13.06 13.18 125894779
13.06,13.53 13.40 13.47 13.05 12.91 15.56 13.06 13.18 125894779
13.06,13.53 13.40 13.47 13.05 12.91 15.56 13.06 13.18 125894779
13.06,13.53 13.40 13.47 13.05 12.91 15.56 13.06 13.18 125894779
13.06,13.53 13.40 13.47 13.05 12.91 15.56 13.06 13.18 125894779
13.06,13.53 13.40 13.47 13.05 12.91 15.56 13.06 13.18 125894779
13.06,13.53 13.40 13.47 13.05 12.91 15.56 13.06 13.18 125894779
13.06,13.53 13.40 13.47 13.05 12.91 15.56 13.06 13.18 125894779
13.06,13.53 13.40 13.47 13.05 12.91 15.56 13.06 13.20 125894779
13.06,13.53 13.40 13.47 13.05 12.91 15.56 13.06 13.21 125894779
13.06,13.53 13.40 13.47 13.05 12.91 15.56 13.06 13.20 125894779
13.06,13.53 13.40 13.47 13.05 12.91 15.56 13.06 13.20 125894779
13.06,13.53 13.40 13.47 13.05 12.91 15.56 13.06 13.20 125894779
13.06,13.53 13.40 13.47 13.05 12.91 15.56 13.06 13.19 125894779
13.06,13.53 13.40 13.47 13.05 12.91 15.56 13.06 13.20 125894779
13.06,13.53 13.40 13.47 13.05 12.91 15.56 13.06 13.19 125894779
13.06,13.53 13.40 13.47 13.05 12.91 15.56 13.06 13.20 125894779
13.06,13.53 13.40 13.47 13.05 12.91 15.56 13.06 13.20 125894779
13.06,13.53 13.40 13.47 13.05 12.91 15.56 13.06 13.20 125894779
13.06,13.53 13.40 13.47 13.05 12.91 15.56 13.06 13.20 125894779
13.06,13.53 13.40 13.47 13.05 12.91 15.56 13.06 13.20 125894779
13.06,13.53 13.40 13.47 13.05 12.91 15.56 13.06 13.20 125894779
13.06,13.53 13.40 13.47 13.05 12.91 15.56 13.06 13.19 125894779
13.06,13.53 13.40 13.47 13.05 12.91 15.56 13.06 13.19 125894779
13.06,13.53 13.40 13.47 13.05 12.91 15.56 13.06 13.19 125894779
13.06,13.53 13.40 13.47 13.05 12.91 15.56 13.06 13.20 125894779
13.06,13.53 13.40 13.47 13.05 12.91 15.56 13.06 13.17 125894779
13.06,13.53 13.40 13.47 13.05 12.91 15.56 13.06 13.1899 125894779
13.06,13.53 13.40 13.47 13.05 12.91 15.56 13.06 13.19 125894779
13.06,13.53 13.40 13.47 13.05 12.91 15.56 13.06 13.20 125894779
13.06,13.53 13.40 13.47 13.05 12.91 15.56 13.06 13.21 125894779
13.06,13.53 13.40 13.47 13.05 12.91 15.56 13.06 13.19 125894779
13.06,13.53 13.40 13.47 13.05 12.91 15.56 13.06 13.20 125894779
13.06,13.53 13.40 13.47 13.05 12.91 15.56 13.06 13.19 125894779
13.06,13.53 13.40 13.47 13.05 12.91 15.56 13.06 13.20 125894779
13.06,13.53 13.40 13.47 13.05 12.91 15.56 13.06 13.19 125894779
13.06,13.53 13.40 13.47 13.05 12.91 15.56 13.06 13.18 125894779
13.06,13.53 13.40 13.47 13.05 12.91 15.56 13.06 13.18 125894779
13.06,13.53 13.40 13.47 13.05 12.91 15.56 13.06 13.19 125894779
13.06,13.53 13.40 13.47 13.05 12.91 15.56 13.06 13.18 125894779
13.06,13.53 13.40 13.47 13.05 12.91 15.56 13.06 13.19 125894779
13.06,13.53 13.40 13.47 13.05 12.91 15.56 13.06 13.18 125894779
13.06,13.53 13.40 13.47 13.05 12.91 15.56 13.06 13.18 125894779
13.06,13.53 13.40 13.47 13.05 12.91 15.56 13.06 13.19 125894779
13.06,13.53 13.40 13.47 13.05 12.91 15.56 13.06 13.18 125894779
13.06,13.53 13.40 13.47 13.05 12.91 15.56 13.06 13.17 125894779
13.06,13.53 13.40 13.47 13.05 12.91 15.56 13.06 13.18 125894779
13.06,13.53 13.40 13.47 13.05 12.91 15.56 13.06 13.19 125894779
13.06,13.53 13.40 13.47 13.05 12.91 15.56 13.06 13.19 125894779
13.06,13.53 13.40 13.47 13.05 12.91 15.56 13.06 13.19 125894779
13.06,13.53 13.40 13.47 13.05 12.91 15.56 13.06 13.21 125894779
13.06,13.53 13.40 13.47 13.05 12.91 15.56 13.06 13.22 125894779
13.06,13.53 13.40 13.47 13.05 12.91 15.56 13.06 13.21 126259559
13.06,13.53 13.40 13.47 13.05 12.91 15.56 13.06 13.21 125894779
13.06,13.53 13.40 13.47 13.05 12.91 15.56 13.06 13.19 125894779
13.06,13.53 13.40 13.47 13.05 12.91 15.56 13.06 13.19 125894779
13.06,13.53 13.40 13.47 13.05 12.91 15.56 13.06 13.18 125894779
13.06,13.53 13.40 13.47 13.05 12.91 15.56 13.06 13.21 125894779
13.06,13.53 13.40 13.47 13.05 12.91 15.56 13.06 13.18 125894779
13.06,13.53 13.40 13.47 13.05 12.91 15.56 13.06 13.18 125894779
13.06,13.53 13.40 13.47 13.05 12.91 15.56 13.06 13.18 126259559
13.06,13.53 13.40 13.47 13.05 12.91 15.56 13.06 13.18 126259559
13.06,13.53 13.40 13.47 13.05 12.91 15.56 13.06 13.18 125894779
13.06,13.53 13.40 13.47 13.05 12.91 15.56 13.06 13.18 125894779
13.06,13.53 13.40 13.47 13.05 12.91 15.56 13.06 13.18 125894779
13.06,13.53 13.40 13.47 13.05 12.91 15.56 13.06 13.18 125894779
13.06,13.53 13.40 13.47 13.05 12.91 15.56 13.06 13.18 125894779
13.06,13.53 13.40 13.47 13.05 12.91 15.56 13.06 13.18 125894779
13.06,13.53 13.40 13.47 13.05 12.91 15.56 13.06 13.18 126259559
13.06,13.53 13.40 13.47 13.05 12.91 15.56 13.06 13.18 126259559
13.06,13.53 13.40 13.47 13.05 12.91 15.56 13.06 13.18 126259559
13.06,13.53 13.40 13.47 13.05 12.91 15.56 13.06 13.18 125894779
13.06,13.53 13.40 13.47 13.05 12.91 15.56 13.06 13.18 125894779
13.06,13.53 13.40 13.47 13.05 12.91 15.56 13.06 13.18 125894779
13.06,13.53 13.40 13.47 13.05 12.91 15.56 13.06 13.18 125894779
13.06,13.53 13.40 13.47 13.05 12.91 15.56 13.06 13.18 125894779
13.06,13.53 13.40 13.47 13.05 12.91 15.56 13.06 13.18 126259559
13.06,13.53 13.40 13.47 13.05 12.91 15.56 13.06 13.18 125894779
13.14,13.06 13.17 13.27 13.00 12.88 15.55 13.16 13.33 92253831
13.14,13.06 13.17 13.27 13.00 12.88 15.55 13.16 13.32 92253831
13.14,13.06 13.17 13.27 13.00 12.88 15.55 13.16 13.34 92253831
13.14,13.06 13.17 13.27 13.00 12.88 15.55 13.16 13.32 92253831
13.14,13.06 13.17 13.27 13.00 12.88 15.55 13.16 13.33 92253831
13.14,13.06 13.17 13.27 13.00 12.88 15.55 13.16 13.34 92253831
13.14,13.06 13.17 13.27 13.00 12.88 15.55 13.16 13.32 92253831
13.14,13.06 13.17 13.27 13.00 12.88 15.55 13.16 13.32 92253831
13.14,13.06 13.17 13.27 13.00 12.88 15.55 13.16 13.32 92253831
13.14,13.06 13.17 13.27 13.00 12.88 15.55 13.16 13.31 92253831
13.14,13.06 13.17 13.27 13.00 12.88 15.55 13.16 13.31 92253831
13.14,13.06 13.17 13.27 13.00 12.88 15.55 13.16 13.29 92253831
13.14,13.06 13.17 13.27 13.00 12.88 15.55 13.16 13.28 92253831
13.14,13.06 13.17 13.27 13.00 12.88 15.55 13.16 13.25 92253831
13.14,13.06 13.17 13.27 13.00 12.88 15.55 13.16 13.27 92253831
13.14,13.06 13.17 13.27 13.00 12.88 15.55 13.16 13.30 92253831
13.14,13.06 13.17 13.27 13.00 12.88 15.55 13.16 13.27 92253831
13.14,13.06 13.17 13.27 13.00 12.88 15.55 13.16 13.25 92253831
13.14,13.06 13.17 13.27 13.00 12.88 15.55 13.16 13.22 92253831
13.14,13.06 13.17 13.27 13.00 12.88 15.55 13.16 13.27 92253831
13.14,13.06 13.17 13.27 13.00 12.88 15.55 13.16 13.27 92253831
13.14,13.06 13.17 13.27 13.00 12.88 15.55 13.16 13.26 92253831
13.14,13.06 13.17 13.27 13.00 12.88 15.55 13.16 13.24 92253831
13.14,13.06 13.17 13.27 13.00 12.88 15.55 13.16 13.24 92253831
13.14,13.06 13.17 13.27 13.00 12.88 15.55 13.16 13.24 92253831
13.14,13.06 13.17 13.27 13.00 12.88 15.55 13.16 13.24 92253831
13.14,13.06 13.17 13.27 13.00 12.88 15.55 13.16 13.24 92253831
13.14,13.06 13.17 13.27 13.00 12.88 15.55 13.16 13.24 92253831
13.14,13.06 13.17 13.27 13.00 12.88 15.55 13.16 13.24 92253831
13.14,13.06 13.17 13.27 13.00 12.88 15.55 13.16 13.24 92253831
13.14,13.06 13.17 13.27 13.00 12.88 15.55 13.16 13.24 92253831
13.14,13.06 13.17 13.27 13.00 12.88 15.55 13.16 13.24 92253831
13.14,13.06 13.17 13.27 13.00 12.88 15.55 13.16 13.24 92253831
13.14,13.06 13.17 13.27 13.00 12.88 15.55 13.16 13.24 92253831
13.14,13.06 13.17 13.27 13.00 12.88 15.55 13.16 13.24 92253831
13.14,13.06 13.17 13.27 13.00 12.88 15.55 13.16 13.24 92253831
13.27,13.14 13.23 13.40 13.00 12.87 15.53 13.29 13.46 123532756
13.27,13.14 13.23 13.40 13.00 12.87 15.53 13.29 13.46 123532756
13.27,13.14 13.23 13.40 13.00 12.87 15.53 13.29 13.46 123532756
13.27,13.14 13.23 13.40 13.00 12.87 15.53 13.29 13.46 123532756
13.27,13.14 13.23 13.40 13.00 12.87 15.53 13.29 13.47 123532756
