42.54,42.83 42.36 42.93 42.08 39.92 49.17 42.83 42.41 14747226
42.49,42.83 42.36 42.93 42.08 39.92 49.17 42.83 42.41 18148678
42.735,42.830 42.360 42.930 42.080 39.923 49.17 042.5558 42.41 13750633
42.735,42.830 42.360 42.930 42.080 39.923 49.17 042.55 42.41 13750633
42.54,42.83 42.36 42.93 42.08 39.92 49.17 42.59 42.41 14747226
42.49,42.83 42.36 42.93 42.08 39.92 49.17 42.59 42.41 18148678
42.435,42.830 42.360 42.930 42.080 39.923 49.17 042.60 42.41 12741775
42.49,42.83 42.36 42.93 42.08 39.92 49.17 42.61 42.41 18148678
42.54,42.83 42.36 42.93 42.08 39.92 49.17 42.61 42.41 14747226
42.735,42.830 42.360 42.930 42.080 39.923 49.17 042.55 42.41 13750633
42.54,42.83 42.36 42.93 42.08 39.92 49.17 42.60 42.41 14747226
42.49,42.83 42.36 42.93 42.08 39.92 49.17 42.60 42.41 18148678
42.49,42.83 42.36 42.93 42.08 39.92 49.17 42.60 42.41 18148678
42.435,42.830 42.360 42.930 42.080 39.923 49.17 042.60 42.41 12741775
42.735,42.830 42.360 42.930 42.080 39.923 49.17 042.60 42.41 13750633
42.49,42.83 42.36 42.93 42.08 39.92 49.17 42.60 42.41 18148678
42.735,42.830 42.360 42.930 42.080 39.923 49.17 042.61 42.41 13750633
42.49,42.83 42.36 42.93 42.08 39.92 49.17 42.61 42.41 18148678
42.49,42.83 42.36 42.93 42.08 39.92 49.17 42.563 42.41 18148678
42.435,42.830 42.360 42.930 42.080 39.923 49.17 042.563 42.41 12741775
42.435,42.830 42.360 42.930 42.080 39.923 49.17 042.563 42.41 12741775
42.49,42.83 42.36 42.93 42.08 39.92 49.17 42.563 42.41 18148678
42.49,42.83 42.36 42.93 42.08 39.92 49.17 42.563 42.41 18148678
42.54,42.83 42.36 42.93 42.08 39.92 49.17 42.563 42.41 14747226
42.735,42.830 42.360 42.930 42.080 39.923 49.17 042.563 42.41 13750633
42.435,42.830 42.360 42.930 42.080 39.923 49.17 042.563 42.41 12741775
42.54,42.83 42.36 42.93 42.08 39.92 49.17 42.563 42.41 14747226
42.735,42.830 42.360 42.930 42.080 39.923 49.17 042.563 42.41 13750633
42.735,42.830 42.360 42.930 42.080 39.923 49.17 042.563 42.41 13750633
42.435,42.830 42.360 42.930 42.080 39.923 49.17 042.563 42.41 12741775
42.49,42.83 42.36 42.93 42.08 39.92 49.17 42.563 42.41 18148678
42.735,42.830 42.360 42.930 42.080 39.923 49.17 042.563 42.41 13750633
42.735,42.830 42.360 42.930 42.080 39.923 49.17 042.563 42.41 13750633
42.61,42.83 42.36 42.93 42.08 39.93 48.96 42.60 42.36 22134577
42.61,42.83 42.36 42.93 42.08 39.93 48.96 42.60 42.26 22134577
42.61,42.83 42.36 42.93 42.08 39.93 48.96 42.60 42.26 22134577
42.61,42.83 42.36 42.93 42.08 39.93 48.96 42.60 42.26 22134577
42.61,42.83 42.36 42.93 42.08 39.93 48.96 42.60 42.26 22134577
42.61,42.83 42.36 42.93 42.08 39.93 48.96 42.60 42.26 22134577
42.61,42.83 42.36 42.93 42.08 39.93 48.96 42.60 42.26 22134577
42.61,42.83 42.36 42.93 42.08 39.93 48.96 42.60 42.26 22134577
42.61,42.83 42.36 42.93 42.08 39.93 48.96 42.60 42.26 22134577
42.61,42.83 42.36 42.93 42.08 39.93 48.96 42.60 42.26 22134577
42.61,42.83 42.36 42.93 42.08 39.93 48.96 42.60 42.26 22134577
42.61,42.83 42.36 42.93 42.08 39.93 48.96 42.60 42.26 22134577
42.61,42.83 42.36 42.93 42.08 39.93 48.96 42.60 42.26 22134577
42.61,42.83 42.36 42.93 42.08 39.93 48.96 42.60 42.26 22134577
42.61,42.83 42.36 42.93 42.08 39.93 48.96 42.60 42.26 22134577
42.61,42.83 42.36 42.93 42.08 39.93 48.96 42.60 42.26 22134577
42.61,42.83 42.36 42.93 42.08 39.93 48.96 42.60 42.26 22134577
42.61,42.83 42.36 42.93 42.08 39.93 48.96 42.60 42.26 22134577
42.61,42.83 42.36 42.93 42.08 39.93 48.96 42.60 42.26 22134577
42.61,42.83 42.36 42.93 42.08 39.93 48.96 42.60 42.26 22134577
42.61,42.83 42.36 42.93 42.08 39.93 48.96 42.60 42.26 22134577
42.61,42.83 42.36 42.93 42.08 39.93 48.96 42.60 42.26 22134577
42.61,42.83 42.36 42.93 42.08 39.93 48.96 42.60 42.26 22134577
42.61,42.83 42.36 42.93 42.08 39.93 48.96 42.60 42.26 22134577
42.61,42.83 42.36 42.93 42.08 39.93 48.96 42.60 42.26 22134577
42.61,42.83 42.36 42.93 42.08 39.93 48.96 42.60 42.26 22134577
42.61,42.83 42.36 42.93 42.08 39.93 48.96 42.60 42.26 22134577
42.61,42.83 42.36 42.93 42.08 39.93 48.96 42.60 42.26 22134577
42.61,42.83 42.36 42.93 42.08 39.93 48.96 42.60 42.26 22134577
42.61,42.83 42.36 42.93 42.08 39.93 48.96 42.60 42.26 22134577
42.61,42.83 42.36 42.93 42.08 39.93 48.96 42.60 42.26 22134577
42.61,42.83 42.36 42.93 42.08 39.93 48.96 42.60 42.26 22134577
42.61,42.83 42.36 42.93 42.08 39.93 48.96 42.60 42.26 22134577
42.61,42.83 42.36 42.93 42.08 39.93 48.96 42.60 42.26 22134577
42.61,42.83 42.36 42.93 42.08 39.93 48.96 42.60 42.26 22134577
42.61,42.83 42.36 42.93 42.08 39.93 48.96 42.60 42.26 22134577
42.61,42.83 42.36 42.93 42.08 39.93 48.96 42.60 42.26 22134577
42.61,42.83 42.36 42.93 42.08 39.93 48.96 42.60 42.26 22134577
42.61,42.83 42.36 42.93 42.08 39.93 48.96 42.60 42.26 22134577
42.61,42.83 42.36 42.93 42.08 39.93 48.96 42.60 42.26 22134577
42.61,42.83 42.36 42.93 42.08 39.93 48.96 42.60 42.26 22134577
42.61,42.83 42.36 42.93 42.08 39.93 48.96 42.60 42.48 22134577
42.61,42.83 42.36 42.93 42.08 39.93 48.96 42.60 42.48 22134577
42.61,42.83 42.36 42.93 42.08 39.93 48.96 42.60 42.48 22134577
42.61,42.83 42.36 42.93 42.08 39.93 48.96 42.60 42.48 22134577
42.61,42.83 42.36 42.93 42.08 39.93 48.96 42.60 42.48 22134577
42.61,42.83 42.36 42.93 42.08 39.93 48.96 42.60 42.48 22134577
42.61,42.83 42.36 42.93 42.08 39.93 48.96 42.60 42.48 22134577
42.61,42.83 42.36 42.93 42.08 39.93 48.96 42.60 42.48 22134577
42.61,42.83 42.36 42.93 42.08 39.93 48.96 42.60 42.48 22134577
42.61,42.83 42.36 42.93 42.08 39.93 48.96 42.60 42.47 22134577
42.61,42.83 42.36 42.93 42.08 39.93 48.96 42.60 42.47 22134577
42.61,42.83 42.36 42.93 42.08 39.93 48.96 42.60 42.47 22134577
42.61,42.83 42.36 42.93 42.08 39.93 48.96 42.60 42.47 22134577
42.61,42.83 42.36 42.93 42.08 39.93 48.96 42.60 42.47 22134577
42.61,42.83 42.36 42.93 42.08 39.93 48.96 42.60 42.47 22134577
42.61,42.83 42.36 42.93 42.08 39.93 48.96 42.60 42.47 22134577
42.61,42.83 42.36 42.93 42.08 39.93 48.96 42.60 42.47 22134577
42.61,42.83 42.36 42.93 42.08 39.93 48.96 42.60 42.47 22134577
42.61,42.83 42.36 42.93 42.08 39.93 48.96 42.60 42.47 22134577
42.61,42.83 42.36 42.93 42.08 39.93 48.96 42.60 42.47 22134577
42.61,42.83 42.36 42.93 42.08 39.93 48.96 42.60 42.47 22134577
42.61,42.83 42.36 42.93 42.08 39.93 48.96 42.60 42.47 22134577
42.61,42.83 42.36 42.93 42.08 39.93 48.96 42.60 42.47 22134577
42.61,42.83 42.36 42.93 42.08 39.93 48.96 42.60 42.47 22134577
42.61,42.83 42.36 42.93 42.08 39.93 48.96 42.60 42.47 22134577
42.61,42.83 42.36 42.93 42.08 39.93 48.96 42.60 42.47 22134577
42.61,42.83 42.36 42.93 42.08 39.93 48.96 42.60 42.47 22134577
42.61,42.83 42.36 42.93 42.08 39.93 48.96 42.60 42.47 22134577
42.61,42.83 42.36 42.93 42.08 39.93 48.96 42.60 42.47 22134577
42.61,42.83 42.36 42.93 42.08 39.93 48.96 42.60 42.22 22134577
42.61,42.83 42.36 42.93 42.08 39.93 48.96 42.60 42.25 22134577
42.61,42.83 42.36 42.93 42.08 39.93 48.96 42.60 42.25 22134577
42.61,42.83 42.36 42.93 42.08 39.93 48.96 42.60 42.25 22134577
42.61,42.83 42.36 42.93 42.08 39.93 48.96 42.60 42.22 22134577
42.61,42.83 42.36 42.93 42.08 39.93 48.96 42.60 42.16 22134577
42.61,42.83 42.36 42.93 42.08 39.93 48.96 42.60 42.16 22134577
42.61,42.83 42.36 42.93 42.08 39.93 48.96 42.60 42.08 22134577
42.61,42.83 42.36 42.93 42.08 39.93 48.96 42.60 42.08 22134577
42.61,42.83 42.36 42.93 42.08 39.93 48.96 42.60 42.08 22134577
42.61,42.83 42.36 42.93 42.08 39.93 48.96 42.60 42.08 22134577
42.61,42.83 42.36 42.93 42.08 39.93 48.96 42.60 42.08 22134577
42.61,42.83 42.36 42.93 42.08 39.93 48.96 42.60 42.08 22134577
42.61,42.83 42.36 42.93 42.08 39.93 48.96 42.60 42.08 22134577
42.61,42.83 42.36 42.93 42.08 39.93 48.96 42.60 42.08 22134577
42.61,42.83 42.36 42.93 42.08 39.93 48.96 42.60 42.08 22134577
42.61,42.83 42.36 42.93 42.08 39.93 48.96 42.60 42.08 22134577
42.61,42.83 42.36 42.93 42.08 39.93 48.96 42.60 42.08 22134577
42.61,42.83 42.36 42.93 42.08 39.93 48.96 42.60 42.08 22134577
41.95,42.61 42.15 42.31 41.74 39.93 48.96 42.60 42.08 2543231
41.79,42.61 42.15 42.31 41.74 39.93 48.96 42.60 42.08 2858087
42.61,42.83 42.36 42.93 42.08 39.93 48.96 42.60 42.08 22134577
41.95,42.61 42.15 42.31 41.74 39.93 48.96 42.60 42.08 2543231
41.95,42.61 42.15 42.31 41.74 39.93 48.96 42.60 42.08 2543231
41.79,42.61 42.15 42.31 41.74 39.93 48.96 42.60 42.08 2858087
41.95,42.61 42.15 42.31 41.74 39.93 48.96 42.60 42.08 2543231
42.61,42.83 42.36 42.93 42.08 39.93 48.96 42.60 42.08 22134577
42.61,42.83 42.36 42.93 42.08 39.93 48.96 42.60 42.08 22134577
42.61,42.83 42.36 42.93 42.08 39.93 48.96 42.60 42.08 22134577
41.79,42.61 42.15 42.31 41.74 39.93 48.96 42.60 42.08 2858087
41.79,42.61 42.15 42.31 41.74 39.93 48.96 42.60 42.08 2858087
42.61,42.83 42.36 42.93 42.08 39.93 48.96 42.60 42.08 22134577
42.61,42.83 42.36 42.93 42.08 39.93 48.96 42.60 42.08 22134577
42.61,42.83 42.36 42.93 42.08 39.93 48.96 42.60 42.08 22134577
41.79,42.61 42.15 42.31 41.74 39.93 48.96 42.60 42.08 2858087
41.79,42.61 42.15 42.31 41.74 39.93 48.96 42.60 42.08 2858087
41.79,42.61 42.15 42.31 41.74 39.93 48.96 42.60 42.08 2858087
41.95,42.61 42.15 42.31 41.74 39.93 48.96 42.60 42.08 2543231
41.95,42.61 42.15 42.31 41.74 39.93 48.96 42.60 42.08 2543231
41.5056,42.6100 42.1500 42.3100 41.4900 39.9271 48.9569 42.60 42.08 5179169
41.95,42.61 42.15 42.31 41.74 39.93 48.96 42.60 42.08 2543231
41.5056,42.6100 42.1500 42.3100 41.4900 39.9271 48.9569 42.60 42.08 5179169
41.79,42.61 42.15 42.31 41.74 39.93 48.96 42.60 42.08 2858087
42.61,42.83 42.36 42.93 42.08 39.93 48.96 42.60 42.08 22134577
41.5056,42.6100 42.1500 42.3100 41.4900 39.9271 48.9569 42.60 42.08 5179169
41.79,42.61 42.15 42.31 41.74 39.93 48.96 42.60 42.08 2858087
41.79,42.61 42.15 42.31 41.74 39.93 48.96 42.60 42.08 2858087
41.79,42.61 42.15 42.31 41.74 39.93 48.96 42.60 42.08 2858087
42.61,42.83 42.36 42.93 42.08 39.93 48.96 42.60 42.08 22134577
41.79,42.61 42.15 42.31 41.74 39.93 48.96 42.60 42.08 2858087
42.61,42.83 42.36 42.93 42.08 39.93 48.96 42.60 42.08 22134577
42.61,42.83 42.36 42.93 42.08 39.93 48.96 42.60 42.08 22134577
41.05,42.61 42.15 42.31 40.99 39.96 48.86 41.12 42.15 26265017
41.05,42.61 42.15 42.31 40.99 39.93 48.96 41.12 42.15 26248320
41.05,42.61 42.15 42.31 40.99 39.93 48.96 41.12 42.15 26248320
41.05,42.61 42.15 42.31 40.99 39.93 48.96 41.12 42.15 26263847
41.05,42.61 42.15 42.31 40.99 39.96 48.86 41.12 42.15 26265017
41.05,42.61 42.15 42.31 40.99 39.96 48.86 41.12 42.15 26265017
41.05,42.61 42.15 42.31 40.99 39.96 48.86 41.12 42.15 26265017
41.05,42.61 42.15 42.31 40.99 39.96 48.86 41.12 42.15 26265017
41.05,42.61 42.15 42.31 40.99 39.93 48.96 41.12 42.15 26263847
41.05,42.61 42.15 42.31 40.99 39.96 48.86 41.12 42.15 26265017
41.05,42.61 42.15 42.31 40.99 39.96 48.86 41.12 42.15 26265017
41.05,42.61 42.15 42.31 40.99 39.93 48.96 41.12 42.15 26248320
41.05,42.61 42.15 42.31 40.99 39.93 48.96 41.12 42.15 26248320
41.05,42.61 42.15 42.31 40.99 39.93 48.96 41.12 42.15 26248320
41.05,42.61 42.15 42.31 40.99 39.93 48.96 41.12 42.15 26248320
41.05,42.61 42.15 42.31 40.99 39.93 48.96 41.12 42.15 26248320
41.05,42.61 42.15 42.31 40.99 39.96 48.86 41.12 42.15 26265017
41.05,42.61 42.15 42.31 40.99 39.96 48.86 41.12 42.15 26265017
41.05,42.61 42.15 42.31 40.99 39.93 48.96 41.12 42.15 26263847
41.05,42.61 42.15 42.31 40.99 39.96 48.86 41.12 42.15 26265017
41.05,42.61 42.15 42.31 40.99 39.96 48.86 41.12 42.15 26265017
41.05,42.61 42.15 42.31 40.99 39.93 48.96 41.12 42.15 26263847
41.05,42.61 42.15 42.31 40.99 39.96 48.86 41.12 42.15 26265017
41.05,42.61 42.15 42.31 40.99 39.96 48.86 41.12 42.15 26265017
41.05,42.61 42.15 42.31 40.99 39.96 48.86 41.12 42.15 26265017
41.05,42.61 42.15 42.31 40.99 39.96 48.86 41.12 42.15 26265017
41.05,42.61 42.15 42.31 40.99 39.96 48.86 41.12 41.34 26265017
41.05,42.61 42.15 42.31 40.99 39.93 48.96 41.12 41.34 26263847
41.05,42.61 42.15 42.31 40.99 39.96 48.86 41.12 41.34 26265017
41.05,42.61 42.15 42.31 40.99 39.96 48.86 41.12 41.34 26265017
41.05,42.61 42.15 42.31 40.99 39.96 48.86 41.12 41.34 26265017
41.05,42.61 42.15 42.31 40.99 39.96 48.86 41.12 41.34 26265017
41.05,42.61 42.15 42.31 40.99 39.96 48.86 41.12 41.34 26265017
41.05,42.61 42.15 42.31 40.99 39.96 48.86 41.12 41.34 26265017
41.05,42.61 42.15 42.31 40.99 39.96 48.86 41.12 41.34 26265017
41.05,42.61 42.15 42.31 40.99 39.96 48.86 41.12 41.34 26265017
41.05,42.61 42.15 42.31 40.99 39.96 48.86 41.12 41.34 26265017
41.05,42.61 42.15 42.31 40.99 39.93 48.96 41.12 41.34 26263847
41.05,42.61 42.15 42.31 40.99 39.96 48.86 41.12 41.34 26265017
41.05,42.61 42.15 42.31 40.99 39.96 48.86 41.12 41.34 26265017
41.05,42.61 42.15 42.31 40.99 39.96 48.86 41.12 41.42 26265017
41.05,42.61 42.15 42.31 40.99 39.93 48.96 41.12 41.42 26263847
41.05,42.61 42.15 42.31 40.99 39.96 48.86 41.12 41.42 26265017
41.05,42.61 42.15 42.31 40.99 39.93 48.96 41.12 41.42 26263847
41.05,42.61 42.15 42.31 40.99 39.96 48.86 41.12 41.44 26265017
41.05,42.61 42.15 42.31 40.99 39.93 48.96 41.12 41.44 26263847
41.05,42.61 42.15 42.31 40.99 39.96 48.86 41.12 41.44 26265017
41.05,42.61 42.15 42.31 40.99 39.93 48.96 41.12 41.50 26263847
41.05,42.61 42.15 42.31 40.99 39.93 48.96 41.12 41.45 26263847
41.05,42.61 42.15 42.31 40.99 39.93 48.96 41.12 41.45 26263847
41.05,42.61 42.15 42.31 40.99 39.93 48.96 41.12 41.45 26263847
41.05,42.61 42.15 42.31 40.99 39.96 48.86 41.12 41.45 26265017
41.05,42.61 42.15 42.31 40.99 39.93 48.96 41.12 41.46 26263847
41.05,42.61 42.15 42.31 40.99 39.96 48.86 41.12 41.46 26265017
41.05,42.61 42.15 42.31 40.99 39.96 48.86 41.12 41.46 26265017
41.05,42.61 42.15 42.31 40.99 39.96 48.86 41.12 41.46 26265017
41.05,42.61 42.15 42.31 40.99 39.96 48.86 41.12 41.46 26265017
41.05,42.61 42.15 42.31 40.99 39.96 48.86 41.12 41.44 26265017
41.05,42.61 42.15 42.31 40.99 39.93 48.96 41.12 41.44 26263847
41.05,42.61 42.15 42.31 40.99 39.96 48.86 41.12 41.44 26265017
41.05,42.61 42.15 42.31 40.99 39.96 48.86 41.12 41.44 26265017
41.05,42.61 42.15 42.31 40.99 39.93 48.96 41.12 41.40 26263847
41.05,42.61 42.15 42.31 40.99 39.96 48.86 41.12 41.40 26265017
41.05,42.61 42.15 42.31 40.99 39.96 48.86 41.12 41.40 26265017
41.05,42.61 42.15 42.31 40.99 39.96 48.86 41.12 41.35 26290289
41.05,42.61 42.15 42.31 40.99 39.96 48.86 41.12 41.35 26265017
41.05,42.61 42.15 42.31 40.99 39.96 48.86 41.12 41.34 26290289
41.05,42.61 42.15 42.31 40.99 39.96 48.86 41.12 41.33 26290289
41.05,42.61 42.15 42.31 40.99 39.96 48.86 41.12 41.33 26265017
41.05,42.61 42.15 42.31 40.99 39.96 48.86 41.12 41.35 26265017
41.05,42.61 42.15 42.31 40.99 39.96 48.86 41.12 41.35 26265017
41.05,42.61 42.15 42.31 40.99 39.96 48.86 41.12 41.35 26265017
41.05,42.61 42.15 42.31 40.99 39.96 48.86 41.12 41.35 26265017
41.05,42.61 42.15 42.31 40.99 39.96 48.86 41.12 41.35 26265017
41.05,42.61 42.15 42.31 40.99 39.96 48.86 41.12 41.35 26290289
41.05,42.61 42.15 42.31 40.99 39.96 48.86 41.12 41.34 26290289
41.05,42.61 42.15 42.31 40.99 39.96 48.86 41.12 41.34 26265017
41.05,42.61 42.15 42.31 40.99 39.96 48.86 41.12 41.34 26265017
41.05,42.61 42.15 42.31 40.99 39.96 48.86 41.12 41.34 26265017
41.05,42.61 42.15 42.31 40.99 39.96 48.86 41.12 41.35 26265017
41.05,42.61 42.15 42.31 40.99 39.96 48.86 41.12 41.28 26265017
41.05,42.61 42.15 42.31 40.99 39.96 48.86 41.12 41.30 26265017
41.05,42.61 42.15 42.31 40.99 39.96 48.86 41.12 41.30 26290289
41.05,42.61 42.15 42.31 40.99 39.96 48.86 41.12 41.28 26265017
41.05,42.61 42.15 42.31 40.99 39.96 48.86 41.12 41.28 26265017
41.05,42.61 42.15 42.31 40.99 39.96 48.86 41.12 41.28 26290289
41.05,42.61 42.15 42.31 40.99 39.96 48.86 41.12 41.28 26265017
41.05,42.61 42.15 42.31 40.99 39.96 48.86 41.12 41.30 26265017
41.05,42.61 42.15 42.31 40.99 39.96 48.86 41.12 41.30 26290289
41.05,42.61 42.15 42.31 40.99 39.96 48.86 41.12 41.39 26265017
41.05,42.61 42.15 42.31 40.99 39.96 48.86 41.12 41.36 26265017
41.05,42.61 42.15 42.31 40.99 39.96 48.86 41.12 41.36 26265017
41.05,42.61 42.15 42.31 40.99 39.96 48.86 41.12 41.35 26290289
41.05,42.61 42.15 42.31 40.99 39.96 48.86 41.12 41.32 26265017
41.05,42.61 42.15 42.31 40.99 39.96 48.86 41.12 41.40 26265017
41.05,42.61 42.15 42.31 40.99 39.96 48.86 41.12 41.40 26265017
41.05,42.61 42.15 42.31 40.99 39.96 48.86 41.12 41.33 26265017
41.05,42.61 42.15 42.31 40.99 39.96 48.86 41.12 41.27 26290289
41.05,42.61 42.15 42.31 40.99 39.96 48.86 41.12 41.27 26290289
41.05,42.61 42.15 42.31 40.99 39.96 48.86 41.12 41.27 26265017
41.05,42.61 42.15 42.31 40.99 39.96 48.86 41.12 41.27 26265017
41.05,42.61 42.15 42.31 40.99 39.96 48.86 41.12 41.27 26265017
41.05,42.61 42.15 42.31 40.99 39.96 48.86 41.12 41.27 26265017
41.05,42.61 42.15 42.31 40.99 39.96 48.86 41.12 41.27 26265017
41.05,42.61 42.15 42.31 40.99 39.96 48.86 41.12 41.27 26265017
41.05,42.61 42.15 42.31 40.99 39.96 48.86 41.12 41.27 26265017
41.05,42.61 42.15 42.31 40.99 39.96 48.86 41.12 41.27 26265017
41.05,42.61 42.15 42.31 40.99 39.96 48.86 41.12 41.27 26265017
41.05,42.61 42.15 42.31 40.99 39.96 48.86 41.12 41.27 26265017
41.05,42.61 42.15 42.31 40.99 39.96 48.86 41.12 41.27 26290289
41.05,42.61 42.15 42.31 40.99 39.96 48.86 41.12 41.27 26290289
41.05,42.61 42.15 42.31 40.99 39.96 48.86 41.12 41.27 26290289
41.05,42.61 42.15 42.31 40.99 39.96 48.86 41.12 41.27 26265017
41.05,42.61 42.15 42.31 40.99 39.96 48.86 41.12 41.27 26265017
41.05,42.61 42.15 42.31 40.99 39.96 48.86 41.12 41.27 26265017
41.05,42.61 42.15 42.31 40.99 39.96 48.86 41.12 41.27 26265017
41.05,42.61 42.15 42.31 40.99 39.96 48.86 41.12 41.27 26265017
41.05,42.61 42.15 42.31 40.99 39.96 48.86 41.12 41.27 26265017
41.05,42.61 42.15 42.31 40.99 39.96 48.86 41.12 41.27 26265017
41.05,42.61 42.15 42.31 40.99 39.96 48.86 41.12 41.27 26265017
41.15,41.05 41.36 41.43 40.62 39.94 48.81 41.21 41.63 18573924
41.15,41.05 41.36 41.43 40.62 39.94 48.81 41.21 41.63 18573924
41.15,41.05 41.36 41.43 40.62 39.94 48.81 41.21 41.68 18573924
41.15,41.05 41.36 41.43 40.62 39.94 48.81 41.21 41.70 18573924
41.15,41.05 41.36 41.43 40.62 39.94 48.81 41.21 41.70 18573924
41.15,41.05 41.36 41.43 40.62 39.94 48.81 41.21 41.75 18573924
41.15,41.05 41.36 41.43 40.62 39.94 48.81 41.21 41.75 18573924
41.15,41.05 41.36 41.43 40.62 39.94 48.81 41.21 41.75 18573924
41.15,41.05 41.36 41.43 40.62 39.94 48.81 41.21 41.76 18618536
41.15,41.05 41.36 41.43 40.62 39.94 48.81 41.21 41.76 18573924
41.15,41.05 41.36 41.43 40.62 39.94 48.81 41.21 41.70 18615636
41.15,41.05 41.36 41.43 40.62 39.94 48.81 41.21 41.66 18573924
41.15,41.05 41.36 41.43 40.62 39.94 48.81 41.21 41.66 18615636
41.15,41.05 41.36 41.43 40.62 39.94 48.81 41.21 41.70 18615636
41.15,41.05 41.36 41.43 40.62 39.94 48.81 41.21 41.77 18618536
41.15,41.05 41.36 41.43 40.62 39.94 48.81 41.21 41.77 18573924
41.15,41.05 41.36 41.43 40.62 39.94 48.81 41.21 41.73 18573924
41.15,41.05 41.36 41.43 40.62 39.94 48.81 41.21 41.52 18573924
41.15,41.05 41.36 41.43 40.62 39.94 48.81 41.21 41.60 18573924
41.15,41.05 41.36 41.43 40.62 39.94 48.81 41.21 41.64 18573924
41.15,41.05 41.36 41.43 40.62 39.94 48.81 41.21 41.70 18573924
41.15,41.05 41.36 41.43 40.62 39.94 48.81 41.21 41.73 18615636
41.15,41.05 41.36 41.43 40.62 39.94 48.81 41.21 41.75 18573924
41.15,41.05 41.36 41.43 40.62 39.94 48.81 41.21 41.64 18618536
41.15,41.05 41.36 41.43 40.62 39.94 48.81 41.21 41.64 18573924
41.15,41.05 41.36 41.43 40.62 39.94 48.81 41.21 41.64 18573924
41.15,41.05 41.36 41.43 40.62 39.94 48.81 41.21 41.64 18618536
41.15,41.05 41.36 41.43 40.62 39.94 48.81 41.21 41.64 18573924
41.15,41.05 41.36 41.43 40.62 39.94 48.81 41.21 41.64 18573924
41.15,41.05 41.36 41.43 40.62 39.94 48.81 41.21 41.64 18618536
41.15,41.05 41.36 41.43 40.62 39.94 48.81 41.21 41.64 18573924
41.15,41.05 41.36 41.43 40.62 39.94 48.81 41.21 41.64 18615636
41.15,41.05 41.36 41.43 40.62 39.94 48.81 41.21 41.64 18573924
41.15,41.05 41.36 41.43 40.62 39.94 48.81 41.21 41.64 18573924
41.15,41.05 41.36 41.43 40.62 39.94 48.81 41.21 41.64 18615636
41.15,41.05 41.36 41.43 40.62 39.94 48.81 41.21 41.64 18615636
41.15,41.05 41.36 41.43 40.62 39.94 48.81 41.21 41.64 18618536
41.15,41.05 41.36 41.43 40.62 39.94 48.81 41.21 41.64 18618536
41.62,41.15 41.57 41.70 41.28 39.94 48.81 41.21 41.64 2142360
41.15,41.05 41.36 41.43 40.62 39.94 48.81 41.21 41.64 18573924
41.15,41.05 41.36 41.43 40.62 39.94 48.81 41.21 41.64 18573924
41.15,41.05 41.36 41.43 40.62 39.94 48.81 41.21 41.64 18573924
41.15,41.05 41.36 41.43 40.62 39.94 48.81 41.21 41.64 18615636
41.15,41.05 41.36 41.43 40.62 39.94 48.81 41.21 41.64 18615636
41.15,41.05 41.36 41.43 40.62 39.94 48.81 41.21 41.64 18573924
41.37,41.15 41.57 42.15 40.61 39.96 48.75 41.53 42.05 21139846
41.37,41.15 41.57 42.15 40.61 39.96 48.75 41.53 42.05 21139846
41.37,41.15 41.57 42.15 40.61 39.96 48.75 41.53 42.05 21139846
41.37,41.15 41.57 42.15 40.61 39.96 48.75 41.53 42.05 21139846
41.37,41.15 41.57 42.15 40.61 39.94 48.81 41.53 42.05 21139646
