30.19,30.46 30.26 30.45 30.13 28.81 28.33 30.46 30.26 17982910
30.19,30.46 30.26 30.45 30.13 28.81 28.33 30.46 30.26 17907684
30.305,30.460 30.260 30.450 30.200 28.812 28.328 30.31 30.26 14894861
30.19,30.46 30.26 30.45 30.13 28.81 28.33 30.28 30.26 17907684
30.29,30.46 30.26 30.45 30.20 28.81 28.33 30.29 30.26 15075350
30.19,30.46 30.26 30.45 30.13 28.81 28.33 30.29 30.26 17982910
30.19,30.46 30.26 30.45 30.13 28.81 28.33 30.29 30.26 17907684
30.29,30.46 30.26 30.45 30.20 28.81 28.33 30.2894 30.26 15075350
30.29,30.46 30.26 30.45 30.20 28.81 28.33 30.29 30.26 15075350
30.19,30.46 30.26 30.45 30.13 28.81 28.33 30.27 30.26 17907684
30.305,30.460 30.260 30.450 30.200 28.812 28.328 30.27 30.26 14894861
30.19,30.46 30.26 30.45 30.13 28.81 28.33 30.29 30.26 17907684
30.19,30.46 30.26 30.45 30.13 28.81 28.33 30.29 30.26 17982910
30.305,30.460 30.260 30.450 30.200 28.812 28.328 30.29 30.26 14894861
30.19,30.46 30.26 30.45 30.13 28.81 28.33 30.29 30.26 17982910
30.305,30.460 30.260 30.450 30.200 28.812 28.328 30.29 30.26 14894861
30.19,30.46 30.26 30.45 30.13 28.81 28.33 30.29 30.26 17907684
30.19,30.46 30.26 30.45 30.13 28.81 28.33 30.29 30.26 17982910
30.29,30.46 30.26 30.45 30.20 28.81 28.33 30.29 30.26 15075350
30.305,30.460 30.260 30.450 30.200 28.812 28.328 30.29 30.26 14894861
30.29,30.46 30.26 30.45 30.20 28.81 28.33 30.29 30.26 15075350
30.305,30.460 30.260 30.450 30.200 28.812 28.328 30.29 30.26 14894861
30.29,30.46 30.26 30.45 30.20 28.81 28.33 30.29 30.26 15075350
30.29,30.46 30.26 30.45 30.20 28.81 28.33 30.29 30.26 15075350
30.29,30.46 30.26 30.45 30.20 28.81 28.33 30.29 30.26 15075350
30.19,30.46 30.26 30.45 30.13 28.81 28.33 30.29 30.26 17982910
30.19,30.46 30.26 30.45 30.13 28.81 28.33 30.29 30.26 17907684
30.29,30.46 30.26 30.45 30.20 28.81 28.33 30.29 30.26 15075350
30.29,30.46 30.26 30.45 30.20 28.81 28.33 30.29 30.26 15075350
30.305,30.460 30.260 30.450 30.200 28.812 28.328 30.29 30.26 14894861
30.29,30.46 30.26 30.45 30.20 28.81 28.33 30.29 30.26 15075350
30.19,30.46 30.26 30.45 30.13 28.81 28.33 30.29 30.26 17982910
30.19,30.46 30.26 30.45 30.13 28.81 28.33 30.29 30.26 17982910
30.29,30.46 30.26 30.45 30.13 28.86 28.40 30.27 30.26 26247242
30.29,30.46 30.26 30.45 30.13 28.86 28.40 30.27 30.26 26247242
30.29,30.46 30.26 30.45 30.13 28.86 28.40 30.27 30.26 26247242
30.29,30.46 30.26 30.45 30.13 28.86 28.40 30.27 30.26 26247242
30.29,30.46 30.26 30.45 30.13 28.86 28.40 30.27 30.26 26247242
30.29,30.46 30.26 30.45 30.13 28.86 28.40 30.27 30.26 26247242
30.29,30.46 30.26 30.45 30.13 28.86 28.40 30.27 30.26 26247242
30.29,30.46 30.26 30.45 30.13 28.86 28.40 30.27 30.26 26247242
30.29,30.46 30.26 30.45 30.13 28.86 28.40 30.27 30.26 26247242
30.29,30.46 30.26 30.45 30.13 28.86 28.40 30.27 30.26 26247242
30.29,30.46 30.26 30.45 30.13 28.86 28.40 30.27 30.26 26247242
30.29,30.46 30.26 30.45 30.13 28.86 28.40 30.27 30.26 26247242
30.29,30.46 30.26 30.45 30.13 28.86 28.40 30.27 30.26 26247242
30.29,30.46 30.26 30.45 30.13 28.86 28.40 30.27 30.26 26247242
30.29,30.46 30.26 30.45 30.13 28.86 28.40 30.27 30.26 26247242
30.29,30.46 30.26 30.45 30.13 28.86 28.40 30.27 30.26 26247242
30.29,30.46 30.26 30.45 30.13 28.86 28.40 30.27 30.26 26247242
30.29,30.46 30.26 30.45 30.13 28.86 28.40 30.27 30.26 26247242
30.29,30.46 30.26 30.45 30.13 28.86 28.40 30.27 30.26 26247242
30.29,30.46 30.26 30.45 30.13 28.86 28.40 30.27 30.26 26247242
30.29,30.46 30.26 30.45 30.13 28.86 28.40 30.27 30.26 26247242
30.29,30.46 30.26 30.45 30.13 28.86 28.40 30.27 30.26 26247242
30.29,30.46 30.26 30.45 30.13 28.86 28.40 30.27 30.26 26247242
30.29,30.46 30.26 30.45 30.13 28.86 28.40 30.27 30.21 26247242
30.29,30.46 30.26 30.45 30.13 28.86 28.40 30.27 30.21 26247242
30.29,30.46 30.26 30.45 30.13 28.86 28.40 30.27 30.21 26247242
30.29,30.46 30.26 30.45 30.13 28.86 28.40 30.27 30.21 26247242
30.29,30.46 30.26 30.45 30.13 28.86 28.40 30.27 30.21 26247242
30.29,30.46 30.26 30.45 30.13 28.86 28.40 30.27 30.21 26247242
30.29,30.46 30.26 30.45 30.13 28.86 28.40 30.27 30.21 26247242
30.29,30.46 30.26 30.45 30.13 28.86 28.40 30.27 30.21 26247242
30.29,30.46 30.26 30.45 30.13 28.86 28.40 30.27 30.21 26247242
30.29,30.46 30.26 30.45 30.13 28.86 28.40 30.27 30.21 26247242
30.29,30.46 30.26 30.45 30.13 28.86 28.40 30.27 30.12 26247242
30.29,30.46 30.26 30.45 30.13 28.86 28.40 30.27 30.14 26247242
30.29,30.46 30.26 30.45 30.13 28.86 28.40 30.27 30.19 26247242
30.29,30.46 30.26 30.45 30.13 28.86 28.40 30.27 30.19 26247242
30.29,30.46 30.26 30.45 30.13 28.86 28.40 30.27 30.15 26247242
30.29,30.46 30.26 30.45 30.13 28.86 28.40 30.27 30.15 26247242
30.29,30.46 30.26 30.45 30.13 28.86 28.40 30.27 30.15 26247242
30.29,30.46 30.26 30.45 30.13 28.86 28.40 30.27 30.15 26247242
30.29,30.46 30.26 30.45 30.13 28.86 28.40 30.27 30.15 26247242
30.29,30.46 30.26 30.45 30.13 28.86 28.40 30.27 30.15 26247242
30.29,30.46 30.26 30.45 30.13 28.86 28.40 30.27 30.15 26247242
30.29,30.46 30.26 30.45 30.13 28.86 28.40 30.27 30.15 26247242
30.29,30.46 30.26 30.45 30.13 28.86 28.40 30.27 30.15 26247242
30.29,30.46 30.26 30.45 30.13 28.86 28.40 30.27 30.14 26247242
30.29,30.46 30.26 30.45 30.13 28.86 28.40 30.27 30.14 26247242
30.29,30.46 30.26 30.45 30.13 28.86 28.40 30.27 30.15 26247242
30.29,30.46 30.26 30.45 30.13 28.86 28.40 30.27 30.15 26247242
30.29,30.46 30.26 30.45 30.13 28.86 28.40 30.27 30.15 26247242
30.29,30.46 30.26 30.45 30.13 28.86 28.40 30.27 30.15 26247242
30.29,30.46 30.26 30.45 30.13 28.86 28.40 30.27 30.1499 26247242
30.29,30.46 30.26 30.45 30.13 28.86 28.40 30.27 30.1499 26247242
30.29,30.46 30.26 30.45 30.13 28.86 28.40 30.27 30.1499 26247242
30.29,30.46 30.26 30.45 30.13 28.86 28.40 30.27 30.1499 26247242
30.29,30.46 30.26 30.45 30.13 28.86 28.40 30.27 30.15 26247242
30.29,30.46 30.26 30.45 30.13 28.86 28.40 30.27 30.15 26247242
30.29,30.46 30.26 30.45 30.13 28.86 28.40 30.27 30.15 26247242
30.29,30.46 30.26 30.45 30.13 28.86 28.40 30.27 30.12 26263817
30.29,30.46 30.26 30.45 30.13 28.86 28.40 30.27 30.12 26247242
30.29,30.46 30.26 30.45 30.13 28.86 28.40 30.27 30.1499 26247242
30.29,30.46 30.26 30.45 30.13 28.86 28.40 30.27 30.1499 26247242
30.29,30.46 30.26 30.45 30.13 28.86 28.40 30.27 30.1499 26247242
30.29,30.46 30.26 30.45 30.13 28.86 28.40 30.27 30.1499 26247242
30.29,30.46 30.26 30.45 30.13 28.86 28.40 30.27 30.17 26247242
30.29,30.46 30.26 30.45 30.13 28.86 28.40 30.27 30.17 26247242
30.29,30.46 30.26 30.45 30.13 28.86 28.40 30.27 30.17 26247242
30.29,30.46 30.26 30.45 30.13 28.86 28.40 30.27 30.15 26265497
30.29,30.46 30.26 30.45 30.13 28.86 28.40 30.27 30.13 26265497
30.29,30.46 30.26 30.45 30.13 28.86 28.40 30.27 30.13 26263817
30.29,30.46 30.26 30.45 30.13 28.86 28.40 30.27 30.13 26265497
30.29,30.46 30.26 30.45 30.13 28.86 28.40 30.27 30.16 26247242
30.29,30.46 30.26 30.45 30.13 28.86 28.40 30.27 30.14 26265497
30.29,30.46 30.26 30.45 30.13 28.86 28.40 30.27 30.14 26247242
30.29,30.46 30.26 30.45 30.13 28.86 28.40 30.27 30.12 26265497
30.29,30.46 30.26 30.45 30.13 28.86 28.40 30.27 30.12 26265497
30.29,30.46 30.26 30.45 30.13 28.86 28.40 30.27 30.12 26263817
30.29,30.46 30.26 30.45 30.13 28.86 28.40 30.27 30.12 26247242
30.29,30.46 30.26 30.45 30.13 28.86 28.40 30.27 30.12 26263817
30.29,30.46 30.26 30.45 30.13 28.86 28.40 30.27 30.12 26247242
30.29,30.46 30.26 30.45 30.13 28.86 28.40 30.27 30.12 26265497
30.04,30.29 30.08 30.09 30.04 28.86 28.40 30.27 30.12 485052
30.29,30.46 30.26 30.45 30.13 28.86 28.40 30.27 30.12 26247242
30.04,30.29 30.08 30.09 30.04 28.86 28.40 30.27 30.12 485052
30.29,30.46 30.26 30.45 30.13 28.86 28.40 30.27 30.12 26263817
30.29,30.46 30.26 30.45 30.13 28.86 28.40 30.27 30.12 26265497
30.29,30.46 30.26 30.45 30.13 28.86 28.40 30.27 30.12 26265497
30.29,30.46 30.26 30.45 30.13 28.86 28.40 30.27 30.12 26265497
30.05,30.29 30.08 30.11 30.00 28.86 28.40 30.27 30.12 2386524
30.29,30.46 30.26 30.45 30.13 28.86 28.40 30.27 30.12 26265497
30.05,30.29 30.08 30.11 30.00 28.86 28.40 30.27 30.12 2386524
30.29,30.46 30.26 30.45 30.13 28.86 28.40 30.27 30.12 26265497
30.05,30.29 30.08 30.11 30.00 28.86 28.40 30.27 30.12 2386524
30.05,30.29 30.08 30.11 30.00 28.86 28.40 30.27 30.12 2386524
30.04,30.29 30.08 30.09 30.04 28.86 28.40 30.27 30.12 485052
30.29,30.46 30.26 30.45 30.13 28.86 28.40 30.27 30.12 26265497
30.29,30.46 30.26 30.45 30.13 28.86 28.40 30.27 30.12 26265497
30.29,30.46 30.26 30.45 30.13 28.86 28.40 30.27 30.12 26265497
30.05,30.29 30.08 30.11 30.00 28.86 28.40 30.27 30.12 2386524
30.04,30.29 30.08 30.09 30.04 28.86 28.40 30.27 30.12 485052
30.04,30.29 30.08 30.09 30.04 28.86 28.40 30.27 30.12 485052
30.05,30.29 30.08 30.11 30.00 28.86 28.40 30.27 30.12 2386524
30.05,30.29 30.08 30.11 30.00 28.86 28.40 30.27 30.12 2386524
30.05,30.29 30.08 30.11 30.00 28.86 28.40 30.27 30.12 2386524
30.29,30.46 30.26 30.45 30.13 28.86 28.40 30.27 30.12 26265497
30.04,30.29 30.08 30.09 30.04 28.86 28.40 30.27 30.12 485052
30.29,30.46 30.26 30.45 30.13 28.86 28.40 30.27 30.12 26265497
30.04,30.29 30.08 30.09 30.04 28.86 28.40 30.27 30.12 485052
30.29,30.46 30.26 30.45 30.13 28.86 28.40 30.27 30.12 26265497
30.29,30.46 30.26 30.45 30.13 28.86 28.40 30.27 30.12 26265497
30.05,30.29 30.08 30.11 30.00 28.86 28.40 30.27 30.12 2386524
30.29,30.46 30.26 30.45 30.13 28.86 28.40 30.27 30.12 26263817
30.04,30.29 30.08 30.09 30.04 28.86 28.40 30.27 30.12 485052
30.29,30.46 30.26 30.45 30.13 28.86 28.40 30.27 30.12 26265497
30.04,30.29 30.08 30.09 30.04 28.86 28.40 30.27 30.12 485052
30.29,30.46 30.26 30.45 30.13 28.86 28.40 30.27 30.12 26263817
30.05,30.29 30.08 30.11 30.00 28.86 28.40 30.27 30.12 2386524
30.29,30.46 30.26 30.45 30.13 28.86 28.40 30.27 30.12 26263817
30.29,30.46 30.26 30.45 30.13 28.86 28.40 30.27 30.12 26265497
30.29,30.46 30.26 30.45 30.13 28.86 28.40 30.27 30.12 26265497
30.29,30.46 30.26 30.45 30.13 28.86 28.40 30.27 30.12 26263817
30.06,30.29 30.08 30.22 29.97 28.90 28.44 30.12 31.82 31147912
30.06,30.29 30.08 30.22 29.97 28.90 28.44 30.12 31.82 31147912
30.06,30.29 30.08 30.22 29.97 28.90 28.44 30.12 31.82 31147912
30.06,30.29 30.08 30.22 29.97 28.90 28.44 30.12 31.82 31147912
30.06,30.29 30.08 30.22 29.97 28.90 28.44 30.12 31.82 31147912
30.06,30.29 30.08 30.22 29.97 28.90 28.44 30.12 31.82 31147912
30.06,30.29 30.08 30.22 29.97 28.90 28.44 30.12 31.82 31147912
30.06,30.29 30.08 30.22 29.97 28.90 28.44 30.12 31.82 31147912
30.06,30.29 30.08 30.22 29.97 28.90 28.44 30.12 31.82 31147912
30.06,30.29 30.08 30.22 29.97 28.90 28.44 30.12 31.82 31147912
30.06,30.29 30.08 30.22 29.97 28.90 28.44 30.12 31.82 31147912
30.06,30.29 30.08 30.22 29.97 28.90 28.44 30.12 31.82 31147912
30.06,30.29 30.08 30.22 29.97 28.90 28.44 30.12 31.82 31147912
30.06,30.29 30.08 30.22 29.97 28.90 28.44 30.12 31.82 31147912
30.06,30.29 30.08 30.22 29.97 28.90 28.44 30.12 31.82 31147912
30.06,30.29 30.08 30.22 29.97 28.90 28.44 30.12 31.82 31147912
30.06,30.29 30.08 30.22 29.97 28.90 28.44 30.12 31.82 31147912
30.06,30.29 30.08 30.22 29.97 28.90 28.44 30.12 31.82 31147912
30.06,30.29 30.08 30.22 29.97 28.90 28.44 30.12 31.82 31147912
30.06,30.29 30.08 30.22 29.97 28.90 28.44 30.12 31.82 31147912
30.06,30.29 30.08 30.22 29.97 28.90 28.44 30.12 31.82 31147912
30.06,30.29 30.08 30.22 29.97 28.90 28.44 30.12 31.82 31147912
30.06,30.29 30.08 30.22 29.97 28.90 28.44 30.12 31.82 31147912
30.06,30.29 30.08 30.22 29.97 28.90 28.44 30.12 31.82 31147912
30.06,30.29 30.08 30.22 29.97 28.90 28.44 30.12 31.82 31147912
30.06,30.29 30.08 30.22 29.97 28.90 28.44 30.12 31.82 31147912
30.06,30.29 30.08 30.22 29.97 28.90 28.44 30.12 31.82 31147912
30.06,30.29 30.08 30.22 29.97 28.90 28.44 30.12 31.82 31147912
30.06,30.29 30.08 30.22 29.97 28.90 28.44 30.12 31.82 31147912
30.06,30.29 30.08 30.22 29.97 28.90 28.44 30.12 31.82 31147912
30.06,30.29 30.08 30.22 29.97 28.90 28.44 30.12 31.82 31147912
30.06,30.29 30.08 30.22 29.97 28.90 28.44 30.12 31.82 31147912
30.06,30.29 30.08 30.22 29.97 28.90 28.44 30.12 31.82 31147912
30.06,30.29 30.08 30.22 29.97 28.90 28.44 30.12 31.82 31147912
30.06,30.29 30.08 30.22 29.97 28.90 28.44 30.12 31.82 31147912
30.06,30.29 30.08 30.22 29.97 28.90 28.44 30.12 31.82 31147912
30.06,30.29 30.08 30.22 29.97 28.90 28.44 30.12 31.82 31147912
30.06,30.29 30.08 30.22 29.97 28.90 28.44 30.12 31.82 31147912
30.06,30.29 30.08 30.22 29.97 28.90 28.44 30.12 31.82 31147912
30.06,30.29 30.08 30.22 29.97 28.90 28.44 30.12 31.82 31147912
30.06,30.29 30.08 30.22 29.97 28.90 28.44 30.12 31.82 31147912
30.06,30.29 30.08 30.22 29.97 28.90 28.44 30.12 30.19 31147912
30.06,30.29 30.08 30.22 29.97 28.90 28.44 30.12 30.19 31147912
30.06,30.29 30.08 30.22 29.97 28.90 28.44 30.12 30.19 31147912
30.06,30.29 30.08 30.22 29.97 28.90 28.44 30.12 30.20 31147912
30.06,30.29 30.08 30.22 29.97 28.90 28.44 30.12 30.20 31147912
30.06,30.29 30.08 30.22 29.97 28.90 28.44 30.12 30.20 31147912
30.06,30.29 30.08 30.22 29.97 28.90 28.44 30.12 30.24 31147912
30.06,30.29 30.08 30.22 29.97 28.90 28.44 30.12 30.24 31147912
30.06,30.29 30.08 30.22 29.97 28.90 28.44 30.12 30.24 31147912
30.06,30.29 30.08 30.22 29.97 28.90 28.44 30.12 30.24 31147912
30.06,30.29 30.08 30.22 29.97 28.90 28.44 30.12 30.24 31147912
30.06,30.29 30.08 30.22 29.97 28.90 28.44 30.12 30.24 31147912
30.06,30.29 30.08 30.22 29.97 28.90 28.44 30.12 30.24 31147912
30.06,30.29 30.08 30.22 29.97 28.90 28.44 30.12 30.24 31147912
30.06,30.29 30.08 30.22 29.97 28.90 28.44 30.12 30.24 31147912
30.06,30.29 30.08 30.22 29.97 28.90 28.44 30.12 30.24 31147912
30.06,30.29 30.08 30.22 29.97 28.90 28.44 30.12 30.24 31147912
30.06,30.29 30.08 30.22 29.97 28.90 28.44 30.12 30.24 31147912
30.06,30.29 30.08 30.22 29.97 28.90 28.44 30.12 30.24 31147912
30.06,30.29 30.08 30.22 29.97 28.90 28.44 30.12 30.24 31147912
30.06,30.29 30.08 30.22 29.97 28.90 28.44 30.12 30.24 31147912
30.06,30.29 30.08 30.22 29.97 28.90 28.44 30.12 30.24 31147912
30.06,30.29 30.08 30.22 29.97 28.90 28.44 30.12 30.24 31147912
30.06,30.29 30.08 30.22 29.97 28.90 28.44 30.12 30.24 31147912
30.06,30.29 30.08 30.22 29.97 28.90 28.44 30.12 30.24 31147912
30.06,30.29 30.08 30.22 29.97 28.90 28.44 30.12 30.24 31147912
30.06,30.29 30.08 30.22 29.97 28.90 28.44 30.12 30.24 31147912
30.06,30.29 30.08 30.22 29.97 28.90 28.44 30.12 30.24 31147912
30.06,30.29 30.08 30.22 29.97 28.90 28.44 30.12 30.23 31147912
30.06,30.29 30.08 30.22 29.97 28.90 28.44 30.12 30.23 31147912
30.06,30.29 30.08 30.22 29.97 28.90 28.44 30.12 30.23 31147912
30.06,30.29 30.08 30.22 29.97 28.90 28.44 30.12 30.23 31147912
30.06,30.29 30.08 30.22 29.97 28.90 28.44 30.12 30.23 31147912
30.06,30.29 30.08 30.22 29.97 28.90 28.44 30.12 30.23 31147912
30.06,30.29 30.08 30.22 29.97 28.90 28.44 30.12 30.18 31147912
30.06,30.29 30.08 30.22 29.97 28.90 28.44 30.12 30.18 31147912
30.06,30.29 30.08 30.22 29.97 28.90 28.44 30.12 30.18 31147912
30.06,30.29 30.08 30.22 29.97 28.90 28.44 30.12 30.18 31147912
30.06,30.29 30.08 30.22 29.97 28.90 28.44 30.12 30.18 31147912
30.06,30.29 30.08 30.22 29.97 28.90 28.44 30.12 30.18 31147912
30.06,30.29 30.08 30.22 29.97 28.90 28.44 30.12 30.18 31147912
30.06,30.29 30.08 30.22 29.97 28.90 28.44 30.12 30.20 31147912
30.06,30.29 30.08 30.22 29.97 28.90 28.44 30.12 30.20 31147912
30.06,30.29 30.08 30.22 29.97 28.90 28.44 30.12 30.20 31147912
30.06,30.29 30.08 30.22 29.97 28.90 28.44 30.12 30.20 31147912
30.06,30.29 30.08 30.22 29.97 28.90 28.44 30.12 30.18 31147912
30.06,30.29 30.08 30.22 29.97 28.90 28.44 30.12 30.24 31147912
30.06,30.29 30.08 30.22 29.97 28.90 28.44 30.12 30.24 31147912
30.06,30.29 30.08 30.22 29.97 28.90 28.44 30.12 30.24 31147912
30.06,30.29 30.08 30.22 29.97 28.90 28.44 30.12 30.24 31159197
30.06,30.29 30.08 30.22 29.97 28.90 28.44 30.12 30.24 31159197
30.06,30.29 30.08 30.22 29.97 28.90 28.44 30.12 30.24 31159197
30.06,30.29 30.08 30.22 29.97 28.90 28.44 30.12 30.20 31159197
30.06,30.29 30.08 30.22 29.97 28.90 28.44 30.12 30.20 31147912
30.06,30.29 30.08 30.22 29.97 28.90 28.44 30.12 30.25 31147912
30.06,30.29 30.08 30.22 29.97 28.90 28.44 30.12 30.25 31159197
30.06,30.29 30.08 30.22 29.97 28.90 28.44 30.12 30.16 31147912
30.06,30.29 30.08 30.22 29.97 28.90 28.44 30.12 30.16 31147912
30.06,30.29 30.08 30.22 29.97 28.90 28.44 30.12 30.16 31159197
30.06,30.29 30.08 30.22 29.97 28.90 28.44 30.12 30.16 31159197
30.06,30.29 30.08 30.22 29.97 28.90 28.44 30.12 30.16 31147912
30.06,30.29 30.08 30.22 29.97 28.90 28.44 30.12 30.16 31147912
30.06,30.29 30.08 30.22 29.97 28.90 28.44 30.12 30.16 31147912
30.06,30.29 30.08 30.22 29.97 28.90 28.44 30.12 30.16 31159197
30.06,30.29 30.08 30.22 29.97 28.90 28.44 30.12 30.16 31159197
30.06,30.29 30.08 30.22 29.97 28.90 28.44 30.12 30.16 31159197
30.06,30.29 30.08 30.22 29.97 28.90 28.44 30.12 30.16 31159197
30.06,30.29 30.08 30.22 29.97 28.90 28.44 30.12 30.16 31147912
30.06,30.29 30.08 30.22 29.97 28.90 28.44 30.12 30.16 31147912
30.06,30.29 30.08 30.22 29.97 28.90 28.44 30.12 30.16 31147912
30.06,30.29 30.08 30.22 29.97 28.90 28.44 30.12 30.16 31147912
30.06,30.29 30.08 30.22 29.97 28.90 28.44 30.12 30.16 31147912
30.06,30.29 30.08 30.22 29.97 28.90 28.44 30.12 30.16 31147912
30.06,30.29 30.08 30.22 29.97 28.90 28.44 30.12 30.16 31147912
30.06,30.29 30.08 30.22 29.97 28.90 28.44 30.12 30.16 31147912
30.05,30.06 30.16 30.20 29.97 28.94 28.45 30.06 30.26 24820939
30.05,30.06 30.16 30.20 29.97 28.94 28.45 30.06 30.26 24820939
30.05,30.06 30.16 30.20 29.97 28.94 28.45 30.06 30.26 24820939
30.05,30.06 30.16 30.20 29.97 28.94 28.45 30.06 30.28 24820939
30.05,30.06 30.16 30.20 29.97 28.94 28.45 30.06 30.27 24820939
30.05,30.06 30.16 30.20 29.97 28.94 28.45 30.06 30.27 24820939
30.05,30.06 30.16 30.20 29.97 28.94 28.45 30.06 30.27 24820939
30.05,30.06 30.16 30.20 29.97 28.94 28.45 30.06 30.26 24820939
30.05,30.06 30.16 30.20 29.97 28.94 28.45 30.06 30.28 24820939
30.05,30.06 30.16 30.20 29.97 28.94 28.45 30.06 30.32 24820939
30.05,30.06 30.16 30.20 29.97 28.94 28.45 30.06 30.25 24820939
30.05,30.06 30.16 30.20 29.97 28.94 28.45 30.06 30.25 24820939
30.05,30.06 30.16 30.20 29.97 28.94 28.45 30.06 30.23 24820939
30.05,30.06 30.16 30.20 29.97 28.94 28.45 30.06 30.26 24820939
30.05,30.06 30.16 30.20 29.97 28.94 28.45 30.06 30.26 24820939
30.05,30.06 30.16 30.20 29.97 28.94 28.45 30.06 30.26 24820939
30.05,30.06 30.16 30.20 29.97 28.94 28.45 30.06 30.22 24820939
30.05,30.06 30.16 30.20 29.97 28.94 28.45 30.06 30.25 24820939
30.05,30.06 30.16 30.20 29.97 28.94 28.45 30.06 30.25 24820939
30.05,30.06 30.16 30.20 29.97 28.94 28.45 30.06 30.25 24820939
30.05,30.06 30.16 30.20 29.97 28.94 28.45 30.06 30.25 24820939
30.05,30.06 30.16 30.20 29.97 28.94 28.45 30.06 30.21 24820939
30.05,30.06 30.16 30.20 29.97 28.94 28.45 30.06 30.12 24820939
30.05,30.06 30.16 30.20 29.97 28.94 28.45 30.06 30.13 24820939
30.05,30.06 30.16 30.20 29.97 28.94 28.45 30.06 30.13 24820939
30.05,30.06 30.16 30.20 29.97 28.94 28.45 30.06 30.13 24820939
30.05,30.06 30.16 30.20 29.97 28.94 28.45 30.06 30.13 24820939
30.05,30.06 30.16 30.20 29.97 28.94 28.45 30.06 30.13 24820939
30.05,30.06 30.16 30.20 29.97 28.94 28.45 30.06 30.13 24820939
30.05,30.06 30.16 30.20 29.97 28.94 28.45 30.06 30.13 24820939
30.05,30.06 30.16 30.20 29.97 28.94 28.45 30.06 30.13 24820939
30.05,30.06 30.16 30.20 29.97 28.94 28.45 30.06 30.13 24820939
30.05,30.06 30.16 30.20 29.97 28.94 28.45 30.06 30.13 24820939
