116.84,117.18 116.87 117.57 116.12 118.52 110.42 117.18 117.18 2309371
116.84,117.18 116.87 117.57 116.12 118.52 110.42 117.18 117.18 2309371
117.0369,117.1800 116.8700 117.1400 116.1200 118.5200 110.4190 116.8386 117.18 1759876
116.84,117.18 116.87 117.57 116.12 118.52 110.42 117.2321 117.18 2309371
116.552,117.180 116.870 117.060 116.360 118.520 110.419 117.2321 117.18 700284
117.0369,117.1800 116.8700 117.1400 116.1200 118.5200 110.4190 117.2321 117.18 1759876
116.552,117.180 116.870 117.060 116.360 118.520 110.419 117.15 117.18 700284
116.84,117.18 116.87 117.57 116.12 118.52 110.42 116.8396 117.18 2309371
116.84,117.18 116.87 117.57 116.12 118.52 110.42 117.15 117.18 2309371
117.0369,117.1800 116.8700 117.1400 116.1200 118.5200 110.4190 117.15 117.18 1759876
116.84,117.18 116.87 117.57 116.12 118.52 110.42 117.15 117.18 2309371
117.0369,117.1800 116.8700 117.1400 116.1200 118.5200 110.4190 117.15 117.18 1759876
116.552,117.180 116.870 117.060 116.360 118.520 110.419 117.15 117.18 700284
117.155,117.180 116.870 117.570 116.120 118.520 110.419 117.18 117.18 2166184
117.155,117.180 116.870 117.570 116.120 118.520 110.419 117.18 117.18 2166184
116.552,117.180 116.870 117.060 116.360 118.520 110.419 117.18 117.18 700284
116.552,117.180 116.870 117.060 116.360 118.520 110.419 117.15 117.18 700284
116.552,117.180 116.870 117.060 116.360 118.520 110.419 117.15 117.18 700284
117.155,117.180 116.870 117.570 116.120 118.520 110.419 117.15 117.18 2166184
116.552,117.180 116.870 117.060 116.360 118.520 110.419 117.15 117.18 700284
117.0369,117.1800 116.8700 117.1400 116.1200 118.5200 110.4190 117.15 117.18 1759876
117.0369,117.1800 116.8700 117.1400 116.1200 118.5200 110.4190 117.15 117.18 1759876
117.0369,117.1800 116.8700 117.1400 116.1200 118.5200 110.4190 117.15 117.18 1759876
116.84,117.18 116.87 117.57 116.12 118.52 110.42 117.15 117.18 2309371
117.155,117.180 116.870 117.570 116.120 118.520 110.419 117.15 117.18 2166184
117.155,117.180 116.870 117.570 116.120 118.520 110.419 117.15 117.18 2166184
116.84,117.18 116.87 117.57 116.12 118.52 110.42 117.15 117.18 2309371
116.84,117.18 116.87 117.57 116.12 118.52 110.42 117.15 117.18 2309371
117.0369,117.1800 116.8700 117.1400 116.1200 118.5200 110.4190 117.15 117.18 1759876
116.84,117.18 116.87 117.57 116.12 118.52 110.42 117.15 117.18 2309371
117.155,117.180 116.870 117.570 116.120 118.520 110.419 117.15 117.18 2166184
117.15,117.18 116.87 117.57 116.12 118.52 110.42 117.15 117.18 5635944
117.155,117.180 116.870 117.570 116.120 118.520 110.419 117.15 117.18 2166184
117.15,117.18 116.87 117.57 116.12 118.52 110.42 117.15 116.87 5635944
117.15,117.18 116.87 117.57 116.12 118.58 110.69 117.15 116.86 5640744
117.15,117.18 116.87 117.57 116.12 118.52 110.42 117.15 116.86 5637469
117.15,117.18 116.87 117.57 116.12 118.52 110.42 117.15 116.86 5640744
117.15,117.18 116.87 117.57 116.12 118.58 110.69 117.15 116.86 5640744
117.15,117.18 116.87 117.57 116.12 118.58 110.69 117.15 116.86 5640744
117.15,117.18 116.87 117.57 116.12 118.52 110.42 117.15 116.86 5640744
117.15,117.18 116.87 117.57 116.12 118.52 110.42 117.15 116.86 5640744
117.15,117.18 116.87 117.57 116.12 118.52 110.42 117.15 116.86 5637469
117.15,117.18 116.87 117.57 116.12 118.52 110.42 117.15 116.86 5637469
117.15,117.18 116.87 117.57 116.12 118.52 110.42 117.15 116.86 5640744
117.15,117.18 116.87 117.57 116.12 118.58 110.69 117.15 116.86 5640744
117.15,117.18 116.87 117.57 116.12 118.52 110.42 117.15 116.86 5640744
117.15,117.18 116.87 117.57 116.12 118.58 110.69 117.15 116.86 5640744
117.15,117.18 116.87 117.57 116.12 118.52 110.42 117.15 116.86 5637469
117.15,117.18 116.87 117.57 116.12 118.52 110.42 117.15 116.86 5640744
117.15,117.18 116.87 117.57 116.12 118.52 110.42 117.15 116.86 5640744
117.15,117.18 116.87 117.57 116.12 118.58 110.69 117.15 116.86 5640764
117.15,117.18 116.87 117.57 116.12 118.52 110.42 117.15 116.86 5640744
117.15,117.18 116.87 117.57 116.12 118.58 110.69 117.15 116.86 5640764
117.15,117.18 116.87 117.57 116.12 118.58 110.69 117.15 116.86 5640764
117.15,117.18 116.87 117.57 116.12 118.52 110.42 117.15 116.86 5640744
117.15,117.18 116.87 117.57 116.12 118.58 110.69 117.15 116.86 5640764
117.15,117.18 116.87 117.57 116.12 118.58 110.69 117.15 116.86 5640764
117.15,117.18 116.87 117.57 116.12 118.52 110.42 117.15 116.86 5640744
117.15,117.18 116.87 117.57 116.12 118.58 110.69 117.15 116.86 5640744
117.15,117.18 116.87 117.57 116.12 118.58 110.69 117.15 116.86 5640764
117.15,117.18 116.87 117.57 116.12 118.58 110.69 117.15 116.86 5640744
117.15,117.18 116.87 117.57 116.12 118.52 110.42 117.15 116.86 5640744
117.15,117.18 116.87 117.57 116.12 118.58 110.69 117.15 116.86 5640764
117.15,117.18 116.87 117.57 116.12 118.52 110.42 117.15 116.86 5640744
117.15,117.18 116.87 117.57 116.12 118.58 110.69 117.15 116.86 5640744
117.15,117.18 116.87 117.57 116.12 118.58 110.69 117.15 116.86 5640744
117.15,117.18 116.87 117.57 116.12 118.58 110.69 117.15 116.86 5640744
117.15,117.18 116.87 117.57 116.12 118.58 110.69 117.15 116.86 5640764
117.15,117.18 116.87 117.57 116.12 118.58 110.69 117.15 116.86 5640744
117.15,117.18 116.87 117.57 116.12 118.58 110.69 117.15 116.86 5640744
117.15,117.18 116.87 117.57 116.12 118.52 110.42 117.15 116.86 5640744
117.15,117.18 116.87 117.57 116.12 118.58 110.69 117.15 116.86 5640764
117.15,117.18 116.87 117.57 116.12 118.52 110.42 117.15 116.86 5640744
117.15,117.18 116.87 117.57 116.12 118.58 110.69 117.15 116.86 5640764
117.15,117.18 116.87 117.57 116.12 118.58 110.69 117.15 116.86 5640764
117.15,117.18 116.87 117.57 116.12 118.58 110.69 117.15 116.86 5640764
117.15,117.18 116.87 117.57 116.12 118.58 110.69 117.15 116.86 5640764
117.15,117.18 116.87 117.57 116.12 118.58 110.69 117.15 116.86 5640764
117.15,117.18 116.87 117.57 116.12 118.58 110.69 117.15 116.86 5640764
117.15,117.18 116.87 117.57 116.12 118.58 110.69 117.15 116.86 5640764
117.15,117.18 116.87 117.57 116.12 118.58 110.69 117.15 116.86 5640764
117.15,117.18 116.87 117.57 116.12 118.58 110.69 117.15 116.86 5640764
117.15,117.18 116.87 117.57 116.12 118.58 110.69 117.15 116.86 5640764
117.15,117.18 116.87 117.57 116.12 118.58 110.69 117.15 116.86 5640764
117.15,117.18 116.87 117.57 116.12 118.58 110.69 117.15 116.86 5640744
117.15,117.18 116.87 117.57 116.12 118.58 110.69 117.15 116.86 5640744
117.15,117.18 116.87 117.57 116.12 118.58 110.69 117.15 116.86 5640764
117.15,117.18 116.87 117.57 116.12 118.58 110.69 117.15 116.85 5640744
117.15,117.18 116.87 117.57 116.12 118.58 110.69 117.15 116.85 5640764
117.15,117.18 116.87 117.57 116.12 118.58 110.69 117.15 116.85 5640764
117.15,117.18 116.87 117.57 116.12 118.58 110.69 117.15 116.85 5640764
117.15,117.18 116.87 117.57 116.12 118.58 110.69 117.15 116.85 5640744
117.15,117.18 116.87 117.57 116.12 118.58 110.69 117.15 116.85 5640764
117.15,117.18 116.87 117.57 116.12 118.58 110.69 117.15 116.85 5640744
117.15,117.18 116.87 117.57 116.12 118.58 110.69 117.15 116.85 5640764
117.15,117.18 116.87 117.57 116.12 118.58 110.69 117.15 116.85 5640744
117.15,117.18 116.87 117.57 116.12 118.58 110.69 117.15 116.85 5640764
117.15,117.18 116.87 117.57 116.12 118.58 110.69 117.15 116.85 5640744
117.15,117.18 116.87 117.57 116.12 118.58 110.69 117.15 116.85 5640764
117.15,117.18 116.87 117.57 116.12 118.58 110.69 117.15 116.85 5640764
117.15,117.18 116.87 117.57 116.12 118.58 110.69 117.15 116.85 5640764
117.15,117.18 116.87 117.57 116.12 118.58 110.69 117.15 116.80 5640764
117.15,117.18 116.87 117.57 116.12 118.58 110.69 117.15 116.80 5640744
117.15,117.18 116.87 117.57 116.12 118.58 110.69 117.15 116.80 5640764
117.15,117.18 116.87 117.57 116.12 118.58 110.69 117.15 116.80 5640764
117.15,117.18 116.87 117.57 116.12 118.58 110.69 117.15 116.80 5640764
117.15,117.18 116.87 117.57 116.12 118.58 110.69 117.15 116.80 5640764
117.15,117.18 116.87 117.57 116.12 118.58 110.69 117.15 116.80 5640744
117.15,117.18 116.87 117.57 116.12 118.58 110.69 117.15 116.80 5640764
117.15,117.18 116.87 117.57 116.12 118.58 110.69 117.15 116.13 5640764
117.15,117.18 116.87 117.57 116.12 118.58 110.69 117.15 116.13 5640764
117.15,117.18 116.87 117.57 116.12 118.58 110.69 117.15 116.13 5640764
117.15,117.18 116.87 117.57 116.12 118.58 110.69 117.15 116.13 5640764
117.15,117.18 116.87 117.57 116.12 118.58 110.69 117.15 116.13 5640744
117.15,117.18 116.87 117.57 116.12 118.58 110.69 117.15 116.13 5640764
117.15,117.18 116.87 117.57 116.12 118.58 110.69 117.15 116.13 5640764
117.15,117.18 116.87 117.57 116.12 118.58 110.69 117.15 116.13 5640764
117.15,117.18 116.87 117.57 116.12 118.58 110.69 117.15 116.13 5640764
117.15,117.18 116.87 117.57 116.12 118.58 110.69 117.15 116.13 5640764
117.15,117.18 116.87 117.57 116.12 118.58 110.69 117.15 116.13 5640764
117.15,117.18 116.87 117.57 116.12 118.58 110.69 117.15 116.13 5640764
117.15,117.18 116.87 117.57 116.12 118.58 110.69 117.15 116.13 5640764
117.15,117.18 116.87 117.57 116.12 118.58 110.69 117.15 116.13 5640764
117.15,117.18 116.87 117.57 116.12 118.58 110.69 117.15 116.13 5640764
117.15,117.18 116.87 117.57 116.12 118.58 110.69 117.15 116.13 5640764
117.15,117.18 116.87 117.57 116.12 118.58 110.69 117.15 116.13 5640744
117.15,117.18 116.87 117.57 116.12 118.58 110.69 117.15 116.13 5640744
117.15,117.18 116.87 117.57 116.12 118.58 110.69 117.15 116.13 5640744
117.15,117.18 116.87 117.57 116.12 118.58 110.69 117.15 116.13 5640764
117.15,117.18 116.87 117.57 116.12 118.58 110.69 117.15 116.13 5640764
117.15,117.18 116.87 117.57 116.12 118.58 110.69 117.15 116.13 5640744
117.15,117.18 116.87 117.57 116.12 118.58 110.69 117.15 116.13 5640764
117.15,117.18 116.87 117.57 116.12 118.58 110.69 117.15 116.13 5640764
117.15,117.18 116.87 117.57 116.12 118.58 110.69 117.15 116.13 5640764
117.15,117.18 116.87 117.57 116.12 118.58 110.69 117.15 116.13 5640744
117.15,117.18 116.87 117.57 116.12 118.58 110.69 117.15 116.13 5640764
117.15,117.18 116.87 117.57 116.12 118.58 110.69 117.15 116.13 5640764
117.15,117.18 116.87 117.57 116.12 118.58 110.69 117.15 116.13 5640764
117.15,117.18 116.87 117.57 116.12 118.58 110.69 117.15 116.13 5640764
117.15,117.18 116.87 117.57 116.12 118.58 110.69 117.15 116.13 5640764
117.15,117.18 116.87 117.57 116.12 118.58 110.69 117.15 116.13 5640764
117.15,117.18 116.87 117.57 116.12 118.58 110.69 117.15 116.13 5640764
117.15,117.18 116.87 117.57 116.12 118.58 110.69 117.15 116.13 5640764
117.15,117.18 116.87 117.57 116.12 118.58 110.69 117.15 116.13 5640764
117.15,117.18 116.87 117.57 116.12 118.58 110.69 117.15 116.13 5640764
117.15,117.18 116.87 117.57 116.12 118.58 110.69 117.15 116.13 5640764
117.15,117.18 116.87 117.57 116.12 118.58 110.69 117.15 116.13 5640764
117.15,117.18 116.87 117.57 116.12 118.58 110.69 117.15 116.13 5640764
117.15,117.18 116.87 117.57 116.12 118.58 110.69 117.15 116.13 5640764
117.15,117.18 116.87 117.57 116.12 118.58 110.69 117.15 116.13 5640764
117.15,117.18 116.87 117.57 116.12 118.58 110.69 117.15 116.13 5640764
117.15,117.18 116.87 117.57 116.12 118.58 110.69 117.15 116.13 5640764
118.49,117.15 116.21 118.53 116.21 118.58 110.69 117.15 116.13 1969850
117.15,117.18 116.87 117.57 116.12 118.58 110.69 117.15 116.13 5640764
118.42,117.15 116.21 119.08 116.21 118.57 110.84 118.46 116.21 6236181
118.42,117.15 116.21 119.08 116.21 118.57 110.84 118.46 116.21 6236181
118.42,117.15 116.21 119.08 116.21 118.57 110.84 118.46 116.21 6236181
118.42,117.15 116.21 119.08 116.21 118.57 110.84 118.46 116.21 6236181
118.42,117.15 116.21 119.08 116.21 118.57 110.84 118.46 116.21 6236181
118.42,117.15 116.21 119.08 116.21 118.57 110.84 118.46 116.21 6236181
118.42,117.15 116.21 119.08 116.21 118.57 110.84 118.46 116.21 6236181
118.42,117.15 116.21 119.08 116.21 118.58 110.79 118.46 116.21 6236181
118.42,117.15 116.21 119.08 116.21 118.57 110.84 118.46 116.21 6236181
118.42,117.15 116.21 119.08 116.21 118.58 110.79 118.46 116.21 6236181
118.42,117.15 116.21 119.08 116.21 118.57 110.84 118.46 116.21 6236181
118.42,117.15 116.21 119.08 116.21 118.57 110.84 118.46 116.21 6236181
118.42,117.15 116.21 119.08 116.21 118.57 110.84 118.46 116.21 6236181
118.42,117.15 116.21 119.08 116.21 118.57 110.84 118.46 116.21 6236181
118.42,117.15 116.21 119.08 116.21 118.57 110.84 118.46 116.21 6236181
118.42,117.15 116.21 119.08 116.21 118.57 110.84 118.46 116.21 6236181
118.42,117.15 116.21 119.08 116.21 118.57 110.84 118.46 116.21 6236181
118.42,117.15 116.21 119.08 116.21 118.57 110.84 118.46 116.21 6236181
118.42,117.15 116.21 119.08 116.21 118.58 110.79 118.46 116.21 6236181
118.42,117.15 116.21 119.08 116.21 118.57 110.84 118.46 116.21 6236181
118.42,117.15 116.21 119.08 116.21 118.57 110.84 118.46 116.21 6236181
118.42,117.15 116.21 119.08 116.21 118.57 110.84 118.46 116.21 6236181
118.42,117.15 116.21 119.08 116.21 118.58 110.79 118.46 116.21 6236181
118.42,117.15 116.21 119.08 116.21 118.57 110.84 118.46 116.21 6236181
118.42,117.15 116.21 119.08 116.21 118.57 110.84 118.46 116.21 6236181
118.42,117.15 116.21 119.08 116.21 118.57 110.84 118.46 116.21 6236181
118.42,117.15 116.21 119.08 116.21 118.57 110.84 118.46 116.21 6236181
118.42,117.15 116.21 119.08 116.21 118.57 110.84 118.46 116.21 6236181
118.42,117.15 116.21 119.08 116.21 118.57 110.84 118.46 116.21 6236181
118.42,117.15 116.21 119.08 116.21 118.57 110.84 118.46 116.21 6236181
118.42,117.15 116.21 119.08 116.21 118.57 110.84 118.46 116.21 6236181
118.42,117.15 116.21 119.08 116.21 118.57 110.84 118.46 116.21 6236181
118.42,117.15 116.21 119.08 116.21 118.58 110.79 118.46 116.21 6236181
118.42,117.15 116.21 119.08 116.21 118.57 110.84 118.46 116.21 6236181
118.42,117.15 116.21 119.08 116.21 118.57 110.84 118.46 116.21 6236181
118.42,117.15 116.21 119.08 116.21 118.57 110.84 118.46 116.21 6236181
118.42,117.15 116.21 119.08 116.21 118.57 110.84 118.46 116.21 6236181
118.42,117.15 116.21 119.08 116.21 118.57 110.84 118.46 116.21 6236181
118.42,117.15 116.21 119.08 116.21 118.58 110.79 118.46 116.21 6236181
118.42,117.15 116.21 119.08 116.21 118.58 110.79 118.46 116.21 6236181
118.42,117.15 116.21 119.08 116.21 118.57 110.84 118.46 116.21 6236181
118.42,117.15 116.21 119.08 116.21 118.57 110.84 118.46 116.21 6236181
118.42,117.15 116.21 119.08 116.21 118.57 110.84 118.46 116.21 6236181
118.42,117.15 116.21 119.08 116.21 118.57 110.84 118.46 116.21 6236181
118.42,117.15 116.21 119.08 116.21 118.57 110.84 118.46 116.21 6236181
118.42,117.15 116.21 119.08 116.21 118.57 110.84 118.46 116.21 6236181
118.42,117.15 116.21 119.08 116.21 118.57 110.84 118.46 116.21 6236181
118.42,117.15 116.21 119.08 116.21 118.57 110.84 118.46 116.21 6236181
118.42,117.15 116.21 119.08 116.21 118.57 110.84 118.46 116.21 6236181
118.42,117.15 116.21 119.08 116.21 118.57 110.84 118.46 116.21 6236181
118.42,117.15 116.21 119.08 116.21 118.58 110.79 118.46 116.21 6236181
118.42,117.15 116.21 119.08 116.21 118.58 110.79 118.46 116.21 6236181
118.42,117.15 116.21 119.08 116.21 118.57 110.84 118.46 116.21 6236181
118.42,117.15 116.21 119.08 116.21 118.58 110.79 118.46 116.21 6236181
118.42,117.15 116.21 119.08 116.21 118.57 110.84 118.46 116.21 6236181
118.42,117.15 116.21 119.08 116.21 118.57 110.84 118.46 116.21 6236181
118.42,117.15 116.21 119.08 116.21 118.57 110.84 118.46 116.21 6236181
118.42,117.15 116.21 119.08 116.21 118.57 110.84 118.46 116.21 6236181
118.42,117.15 116.21 119.08 116.21 118.57 110.84 118.46 116.21 6236181
118.42,117.15 116.21 119.08 116.21 118.58 110.79 118.46 116.21 6236181
118.42,117.15 116.21 119.08 116.21 118.57 110.84 118.46 116.21 6236181
118.42,117.15 116.21 119.08 116.21 118.57 110.84 118.46 116.21 6236181
118.42,117.15 116.21 119.08 116.21 118.58 110.79 118.46 116.21 6236181
118.42,117.15 116.21 119.08 116.21 118.58 110.79 118.46 116.21 6236181
118.42,117.15 116.21 119.08 116.21 118.57 110.84 118.46 116.21 6236181
118.42,117.15 116.21 119.08 116.21 118.57 110.84 118.46 116.21 6236181
118.42,117.15 116.21 119.08 116.21 118.57 110.84 118.46 116.21 6236181
118.42,117.15 116.21 119.08 116.21 118.57 110.84 118.46 116.21 6236181
118.42,117.15 116.21 119.08 116.21 118.57 110.84 118.46 116.21 6236181
118.42,117.15 116.21 119.08 116.21 118.57 110.84 118.46 116.21 6236181
118.42,117.15 116.21 119.08 116.21 118.57 110.84 118.46 116.21 6236181
118.42,117.15 116.21 119.08 116.21 118.57 110.84 118.46 116.21 6236181
118.42,117.15 116.21 119.08 116.21 118.57 110.84 118.46 116.21 6236181
118.42,117.15 116.21 119.08 116.21 118.57 110.84 118.46 116.21 6236181
118.42,117.15 116.21 119.08 116.21 118.57 110.84 118.46 116.21 6236181
118.42,117.15 116.21 119.08 116.21 118.57 110.84 118.46 116.21 6236181
118.42,117.15 116.21 119.08 116.21 118.57 110.84 118.46 116.21 6236181
118.42,117.15 116.21 119.08 116.21 118.57 110.84 118.46 116.21 6236181
118.42,117.15 116.21 119.08 116.21 118.57 110.84 118.46 116.21 6236181
118.42,117.15 116.21 119.08 116.21 118.57 110.84 118.46 116.21 6236181
118.42,117.15 116.21 119.08 116.21 118.57 110.84 118.46 116.21 6236181
118.42,117.15 116.21 119.08 116.21 118.57 110.84 118.46 116.21 6236181
118.42,117.15 116.21 119.08 116.21 118.57 110.84 118.46 116.21 6236181
118.42,117.15 116.21 119.08 116.21 118.57 110.84 118.46 116.21 6236181
118.42,117.15 116.21 119.08 116.21 118.57 110.84 118.46 116.21 6236181
118.42,117.15 116.21 119.08 116.21 118.57 110.84 118.46 116.21 6236181
118.42,117.15 116.21 119.08 116.21 118.57 110.84 118.46 116.21 6236181
118.42,117.15 116.21 119.08 116.21 118.57 110.84 118.46 116.21 6236181
118.42,117.15 116.21 119.08 116.21 118.57 110.84 118.46 116.21 6236181
118.42,117.15 116.21 119.08 116.21 118.57 110.84 118.46 116.21 6236181
118.42,117.15 116.21 119.08 116.21 118.57 110.84 118.46 116.21 6236181
118.42,117.15 116.21 119.08 116.21 118.57 110.84 118.46 118.96 6236181
118.42,117.15 116.21 119.08 116.21 118.57 110.84 118.46 118.96 6236181
118.42,117.15 116.21 119.08 116.21 118.57 110.84 118.46 118.96 6236181
118.42,117.15 116.21 119.08 116.21 118.57 110.84 118.46 118.96 6236181
118.42,117.15 116.21 119.08 116.21 118.57 110.84 118.46 119.27 6236181
118.42,117.15 116.21 119.08 116.21 118.57 110.84 118.46 119.27 6236181
118.42,117.15 116.21 119.08 116.21 118.57 110.84 118.46 119.27 6236181
118.42,117.15 116.21 119.08 116.21 118.57 110.84 118.46 119.27 6236181
118.42,117.15 116.21 119.08 116.21 118.57 110.84 118.46 119.27 6236181
118.42,117.15 116.21 119.08 116.21 118.57 110.84 118.46 119.27 6236181
118.42,117.15 116.21 119.08 116.21 118.57 110.84 118.46 119.27 6236181
118.42,117.15 116.21 119.08 116.21 118.57 110.84 118.46 119.27 6236181
118.42,117.15 116.21 119.08 116.21 118.57 110.84 118.46 119.27 6236181
118.42,117.15 116.21 119.08 116.21 118.57 110.84 118.46 119.27 6236181
118.42,117.15 116.21 119.08 116.21 118.57 110.84 118.46 119.27 6236181
119.48,118.42 119.24 119.50 118.98 118.57 110.84 118.46 119.27 109205
119.48,118.42 119.24 119.50 118.98 118.57 110.84 118.46 119.27 109205
118.42,117.15 116.21 119.08 116.21 118.57 110.84 118.46 119.27 6236181
118.42,117.15 116.21 119.08 116.21 118.57 110.84 118.46 119.27 6236181
119.48,118.42 119.24 119.50 118.98 118.57 110.84 118.46 119.27 109205
118.42,117.15 116.21 119.08 116.21 118.57 110.84 118.46 119.27 6236181
118.42,117.15 116.21 119.08 116.21 118.57 110.84 118.46 119.27 6236181
119.48,118.42 119.24 119.50 118.98 118.57 110.84 118.46 119.27 109205
118.42,117.15 116.21 119.08 116.21 118.57 110.84 118.46 119.27 6236181
119.48,118.42 119.24 119.50 118.98 118.57 110.84 118.46 119.27 109205
119.48,118.42 119.24 119.50 118.98 118.57 110.84 118.46 119.27 109205
118.42,117.15 116.21 119.08 116.21 118.57 110.84 118.46 119.27 6236181
119.48,118.42 119.24 119.50 118.98 118.57 110.84 118.46 119.27 109205
118.42,117.15 116.21 119.08 116.21 118.57 110.84 118.46 119.27 6236181
119.64,118.42 119.24 120.20 118.46 118.64 110.91 119.70 120.05 6428198
119.64,118.42 119.24 120.20 118.46 118.64 110.91 119.70 120.05 6428198
119.64,118.42 119.24 120.20 118.46 118.64 110.91 119.70 120.05 6428198
119.64,118.42 119.24 120.20 118.46 118.64 110.91 119.70 120.40 6428198
119.64,118.42 119.24 120.20 118.46 118.64 110.91 119.70 120.55 6428198
119.64,118.42 119.24 120.20 118.46 118.64 110.91 119.70 120.44 6428198
119.64,118.42 119.24 120.20 118.46 118.64 110.91 119.70 120.50 6428198
119.64,118.42 119.24 120.20 118.46 118.64 110.91 119.70 120.50 6428198
119.64,118.42 119.24 120.20 118.46 118.64 110.91 119.70 120.50 6428198
119.64,118.42 119.24 120.20 118.46 118.64 110.91 119.70 120.50 6428198
119.64,118.42 119.24 120.20 118.46 118.64 110.91 119.70 120.50 6428198
119.64,118.42 119.24 120.20 118.46 118.64 110.91 119.70 120.35 6428198
119.64,118.42 119.24 120.20 118.46 118.64 110.91 119.70 120 6428198
119.64,118.42 119.24 120.20 118.46 118.64 110.91 119.70 120.05 6428198
119.64,118.42 119.24 120.20 118.46 118.64 110.91 119.70 120.05 6428198
119.64,118.42 119.24 120.20 118.46 118.64 110.91 119.70 120.05 6428198
119.64,118.42 119.24 120.20 118.46 118.64 110.91 119.70 120.05 6428198
119.64,118.42 119.24 120.20 118.46 118.64 110.91 119.70 120 6428198
119.64,118.42 119.24 120.20 118.46 118.64 110.91 119.70 120 6428198
119.64,118.42 119.24 120.20 118.46 118.64 110.91 119.70 119.99 6428198
119.64,118.42 119.24 120.20 118.46 118.64 110.91 119.70 120.05 6428198
119.64,118.42 119.24 120.20 118.46 118.64 110.91 119.70 120.05 6428198
119.64,118.42 119.24 120.20 118.46 118.64 110.91 119.70 120.05 6428198
119.64,118.42 119.24 120.20 118.46 118.64 110.91 119.70 120.05 6428198
119.64,118.42 119.24 120.20 118.46 118.64 110.91 119.70 120.05 6428198
119.64,118.42 119.24 120.20 118.46 118.64 110.91 119.70 120.05 6428198
119.64,118.42 119.24 120.20 118.46 118.64 110.91 119.70 120.05 6428198
119.64,118.42 119.24 120.20 118.46 118.64 110.91 119.70 120.05 6428198
119.64,118.42 119.24 120.20 118.46 118.64 110.91 119.70 120.05 6428198
119.64,118.42 119.24 120.20 118.46 118.64 110.91 119.70 120.05 6428198
119.64,118.42 119.24 120.20 118.46 118.64 110.91 119.70 120.05 6428198
119.64,118.42 119.24 120.20 118.46 118.64 110.91 119.70 120.05 6428198
119.64,118.42 119.24 120.20 118.46 118.64 110.91 119.70 120.05 6428198
119.64,118.42 119.24 120.20 118.46 118.64 110.91 119.70 120.05 6428198
119.64,118.42 119.24 120.20 118.46 118.64 110.91 119.70 120.05 6428198
119.64,118.42 119.24 120.20 118.46 118.64 110.91 119.70 120.05 6428198
119.64,118.42 119.24 120.20 118.46 118.64 110.91 119.70 120.05 6428198
119.64,118.42 119.24 120.20 118.46 118.64 110.91 119.70 120.05 6428198
119.64,118.42 119.24 120.20 118.46 118.64 110.91 119.70 120.05 6428198
120.44,119.64 119.91 120.86 119.91 118.64 110.91 119.70 120.05 954790
119.64,118.42 119.24 120.20 118.46 118.64 110.91 119.70 120.05 6428198
119.98,119.64 119.91 120.86 118.66 118.75 110.97 120 120.75 6171581
119.98,119.64 119.91 120.86 118.66 118.75 110.97 120 120.75 6171581
119.98,119.64 119.91 120.86 118.66 118.75 110.97 120 120.75 6171581
119.98,119.64 119.91 120.86 118.66 118.75 110.97 120 120.75 6171581
119.98,119.64 119.91 120.86 118.66 118.75 110.97 120 120.75 6171581
