59.325,61.260 61.070 61.140 59.220 59.887 61.303 61.260 60.87 7800100
59.325,61.260 61.070 61.140 59.220 59.887 61.303 61.260 60.87 7800100
59.325,61.260 61.070 61.140 59.220 59.887 61.303 59.25 60.87 7800100
59.42,61.26 61.07 61.14 59.36 59.89 61.3 059.25 60.87 7269809
59.68,61.26 61.07 61.14 59.36 59.89 61.3 059.25 60.87 6869883
59.42,61.26 61.07 61.14 59.36 59.89 61.3 059.40 60.87 7269809
59.12,61.26 61.07 61.14 58.79 59.89 61.3 059.25 60.87 10615468
59.68,61.26 61.07 61.14 59.36 59.89 61.3 059.6077 60.87 6869883
59.325,61.260 61.070 61.140 59.220 59.887 61.303 59.30 60.87 7800100
59.325,61.260 61.070 61.140 59.220 59.887 61.303 59.30 60.87 7800100
59.12,61.26 61.07 61.14 58.79 59.89 61.3 059.30 60.87 10615468
59.12,61.26 61.07 61.14 58.79 59.89 61.3 059.25 60.87 10615468
59.325,61.260 61.070 61.140 59.220 59.887 61.303 59.25 60.87 7800100
59.12,61.26 61.07 61.14 58.79 59.89 61.3 059.30 60.87 10615468
59.12,61.26 61.07 61.14 58.79 59.89 61.3 059.30 60.87 10615468
59.12,61.26 61.07 61.14 58.79 59.89 61.3 059.30 60.87 10615468
59.42,61.26 61.07 61.14 59.36 59.89 61.3 059.25 60.87 7269809
59.68,61.26 61.07 61.14 59.36 59.89 61.3 059.25 60.87 6869883
59.42,61.26 61.07 61.14 59.36 59.89 61.3 059.25 60.87 7269809
59.325,61.260 61.070 61.140 59.220 59.887 61.303 59.25 60.87 7800100
59.325,61.260 61.070 61.140 59.220 59.887 61.303 59.25 60.87 7800100
59.42,61.26 61.07 61.14 59.36 59.89 61.3 059.25 60.87 7269809
59.68,61.26 61.07 61.14 59.36 59.89 61.3 059.37 60.87 6869883
59.42,61.26 61.07 61.14 59.36 59.89 61.3 059.37 60.87 7269809
59.325,61.260 61.070 61.140 59.220 59.887 61.303 59.37 60.87 7800100
59.325,61.260 61.070 61.140 59.220 59.887 61.303 59.37 60.87 7800100
59.68,61.26 61.07 61.14 59.36 59.89 61.3 059.37 60.87 6869883
59.68,61.26 61.07 61.14 59.36 59.89 61.3 059.37 60.87 6869883
59.68,61.26 61.07 61.14 59.36 59.89 61.3 059.37 60.87 6869883
59.325,61.260 61.070 61.140 59.220 59.887 61.303 59.37 60.87 7800100
59.325,61.260 61.070 61.140 59.220 59.887 61.303 59.37 60.87 7800100
59.68,61.26 61.07 61.14 59.36 59.89 61.3 059.37 60.87 6869883
59.42,61.26 61.07 61.14 59.36 59.89 61.3 059.37 60.87 7269809
59.25,61.26 61.07 61.14 58.79 59.94 61.38 59.46 61.07 12829552
59.25,61.26 61.07 61.14 58.79 59.94 61.38 59.46 59.10 12829552
59.25,61.26 61.07 61.14 58.79 59.94 61.38 59.46 59.10 12829552
59.25,61.26 61.07 61.14 58.79 59.94 61.38 59.46 59.10 12829552
59.25,61.26 61.07 61.14 58.79 59.94 61.38 59.46 59.10 12829552
59.25,61.26 61.07 61.14 58.79 59.94 61.38 59.46 59.10 12829552
59.25,61.26 61.07 61.14 58.79 59.94 61.38 59.46 59.10 12829552
59.25,61.26 61.07 61.14 58.79 59.94 61.38 59.46 59.10 12829552
59.25,61.26 61.07 61.14 58.79 59.94 61.38 59.46 59.10 12829552
59.25,61.26 61.07 61.14 58.79 59.94 61.38 59.46 59.10 12829552
59.25,61.26 61.07 61.14 58.79 59.94 61.38 59.46 59.10 12829552
59.25,61.26 61.07 61.14 58.79 59.94 61.38 59.46 59.10 12829552
59.25,61.26 61.07 61.14 58.79 59.94 61.38 59.46 59.10 12829552
59.25,61.26 61.07 61.14 58.79 59.94 61.38 59.46 59.10 12829552
59.25,61.26 61.07 61.14 58.79 59.94 61.38 59.46 59.10 12829552
59.25,61.26 61.07 61.14 58.79 59.94 61.38 59.46 59.10 12829552
59.25,61.26 61.07 61.14 58.79 59.94 61.38 59.46 59.10 12829552
59.25,61.26 61.07 61.14 58.79 59.94 61.38 59.46 59.10 12829552
59.25,61.26 61.07 61.14 58.79 59.94 61.38 59.46 59.10 12829552
59.25,61.26 61.07 61.14 58.79 59.94 61.38 59.46 59.10 12829552
59.25,61.26 61.07 61.14 58.79 59.94 61.38 59.46 59.10 12829552
59.25,61.26 61.07 61.14 58.79 59.94 61.38 59.46 59.10 12829552
59.25,61.26 61.07 61.14 58.79 59.94 61.38 59.46 59.10 12829552
59.25,61.26 61.07 61.14 58.79 59.94 61.38 59.46 59.10 12829552
59.25,61.26 61.07 61.14 58.79 59.94 61.38 59.46 59.10 12829552
59.25,61.26 61.07 61.14 58.79 59.94 61.38 59.46 59.10 12829552
59.25,61.26 61.07 61.14 58.79 59.94 61.38 59.46 59.10 12829552
59.25,61.26 61.07 61.14 58.79 59.94 61.38 59.46 59.10 12829552
59.25,61.26 61.07 61.14 58.79 59.94 61.38 59.46 59.10 12829552
59.25,61.26 61.07 61.14 58.79 59.94 61.38 59.46 59.10 12829552
59.25,61.26 61.07 61.14 58.79 59.94 61.38 59.46 59.10 12829552
59.25,61.26 61.07 61.14 58.79 59.94 61.38 59.46 59.10 12829552
59.25,61.26 61.07 61.14 58.79 59.94 61.38 59.46 59.10 12829552
59.25,61.26 61.07 61.14 58.79 59.94 61.38 59.46 59.10 12829552
59.25,61.26 61.07 61.14 58.79 59.94 61.38 59.46 59.10 12829552
59.25,61.26 61.07 61.14 58.79 59.94 61.38 59.46 59.10 12829552
59.25,61.26 61.07 61.14 58.79 59.94 61.38 59.46 59.10 12829552
59.25,61.26 61.07 61.14 58.79 59.94 61.38 59.46 59.10 12829552
59.25,61.26 61.07 61.14 58.79 59.94 61.38 59.46 59.10 12829552
59.25,61.26 61.07 61.14 58.79 59.94 61.38 59.46 59.10 12829552
59.25,61.26 61.07 61.14 58.79 59.94 61.38 59.46 59.10 12829552
59.25,61.26 61.07 61.14 58.79 59.94 61.38 59.46 59.10 12829552
59.25,61.26 61.07 61.14 58.79 59.94 61.38 59.46 59.05 12829552
59.25,61.26 61.07 61.14 58.79 59.94 61.38 59.46 58.75 12829552
59.25,61.26 61.07 61.14 58.79 59.94 61.38 59.46 58.75 12829552
59.25,61.26 61.07 61.14 58.79 59.94 61.38 59.46 58.75 12829552
59.25,61.26 61.07 61.14 58.79 59.94 61.38 59.46 58.75 12829552
59.25,61.26 61.07 61.14 58.79 59.94 61.38 59.46 58.75 12829552
59.25,61.26 61.07 61.14 58.79 59.94 61.38 59.46 58.70 12829552
59.25,61.26 61.07 61.14 58.79 59.94 61.38 59.46 58.69 12829552
59.25,61.26 61.07 61.14 58.79 59.94 61.38 59.46 58.88 12829552
59.25,61.26 61.07 61.14 58.79 59.94 61.38 59.46 58.88 12829552
59.25,61.26 61.07 61.14 58.79 59.94 61.38 59.46 58.88 12829552
59.25,61.26 61.07 61.14 58.79 59.94 61.38 59.46 58.87 12829552
59.25,61.26 61.07 61.14 58.79 59.94 61.38 59.46 58.78 12829552
59.25,61.26 61.07 61.14 58.79 59.94 61.38 59.46 58.78 12829552
59.25,61.26 61.07 61.14 58.79 59.94 61.38 59.46 58.78 12829552
59.25,61.26 61.07 61.14 58.79 59.94 61.38 59.46 58.75 12829552
59.25,61.26 61.07 61.14 58.79 59.94 61.38 59.46 58.75 12829552
59.25,61.26 61.07 61.14 58.79 59.94 61.38 59.46 58.75 12829552
59.25,61.26 61.07 61.14 58.79 59.94 61.38 59.46 58.83 12829552
59.25,61.26 61.07 61.14 58.79 59.94 61.38 59.46 58.83 12829552
59.25,61.26 61.07 61.14 58.79 59.94 61.38 59.46 58.81 12829552
59.25,61.26 61.07 61.14 58.79 59.94 61.38 59.46 58.81 12829552
59.25,61.26 61.07 61.14 58.79 59.94 61.38 59.46 58.81 12829552
59.25,61.26 61.07 61.14 58.79 59.94 61.38 59.46 59.04 12829552
59.25,61.26 61.07 61.14 58.79 59.94 61.38 59.46 59 12829552
59.25,61.26 61.07 61.14 58.79 59.94 61.38 59.46 59 12829552
59.25,61.26 61.07 61.14 58.79 59.94 61.38 59.46 59 12829552
59.25,61.26 61.07 61.14 58.79 59.94 61.38 59.46 59 12829552
59.25,61.26 61.07 61.14 58.79 59.94 61.38 59.46 59 12829552
59.25,61.26 61.07 61.14 58.79 59.94 61.38 59.46 59 12829552
59.25,61.26 61.07 61.14 58.79 59.94 61.38 59.46 59 12829552
59.25,61.26 61.07 61.14 58.79 59.94 61.38 59.46 59.04 12829552
59.25,61.26 61.07 61.14 58.79 59.94 61.38 59.46 59.11 12829552
59.25,61.26 61.07 61.14 58.79 59.94 61.38 59.46 59.03 12829552
59.25,61.26 61.07 61.14 58.79 59.94 61.38 59.46 59.11 12829552
59.25,61.26 61.07 61.14 58.79 59.94 61.38 59.46 59.07 12829552
59.25,61.26 61.07 61.14 58.79 59.94 61.38 59.46 59.07 12829552
59.25,61.26 61.07 61.14 58.79 59.94 61.38 59.46 59.07 12829552
59.25,61.26 61.07 61.14 58.79 59.94 61.38 59.46 59.07 12829552
59.25,61.26 61.07 61.14 58.79 59.94 61.38 59.46 59.07 12829552
59.25,61.26 61.07 61.14 58.79 59.94 61.38 59.46 59.07 12829552
59.25,61.26 61.07 61.14 58.79 59.94 61.38 59.46 59.07 12829552
59.25,61.26 61.07 61.14 58.79 59.94 61.38 59.46 59.07 12829552
59.25,61.26 61.07 61.14 58.79 59.94 61.38 59.46 59.07 12829552
59.25,61.26 61.07 61.14 58.79 59.94 61.38 59.46 59.07 12829552
59.25,61.26 61.07 61.14 58.79 59.94 61.38 59.46 59.07 12829552
59.25,61.26 61.07 61.14 58.79 59.94 61.38 59.46 59.07 12829552
59.25,61.26 61.07 61.14 58.79 59.94 61.38 59.46 59.07 12829552
59.25,61.26 61.07 61.14 58.79 59.94 61.38 59.46 59.07 12829552
59.25,61.26 61.07 61.14 58.79 59.94 61.38 59.46 59.07 12829552
59.26,59.25 59.04 59.35 58.71 59.94 61.38 59.46 59.07 1268461
59.24,59.25 59.04 59.35 58.71 59.94 61.38 59.46 59.07 1132222
59.25,61.26 61.07 61.14 58.79 59.94 61.38 59.46 59.07 12829552
59.26,59.25 59.04 59.35 58.71 59.94 61.38 59.46 59.07 1268461
59.24,59.25 59.04 59.35 58.71 59.94 61.38 59.46 59.07 1132222
59.25,61.26 61.07 61.14 58.79 59.94 61.38 59.46 59.07 12829552
59.26,59.25 59.04 59.35 58.71 59.94 61.38 59.46 59.07 1268461
59.26,59.25 59.04 59.35 58.71 59.94 61.38 59.46 59.07 1268461
59.26,59.25 59.04 59.35 58.71 59.94 61.38 59.46 59.07 1268461
59.25,61.26 61.07 61.14 58.79 59.94 61.38 59.46 59.07 12829552
59.25,61.26 61.07 61.14 58.79 59.94 61.38 59.46 59.07 12829552
59.25,61.26 61.07 61.14 58.79 59.94 61.38 59.46 59.07 12829552
59.26,59.25 59.04 59.35 58.71 59.94 61.38 59.46 59.07 1268461
59.24,59.25 59.04 59.35 58.71 59.94 61.38 59.46 59.07 1132222
59.24,59.25 59.04 59.35 58.71 59.94 61.38 59.46 59.07 1132222
59.26,59.25 59.04 59.35 58.71 59.94 61.38 59.46 59.07 1268461
59.25,61.26 61.07 61.14 58.79 59.94 61.38 59.46 59.07 12829552
59.26,59.25 59.04 59.35 58.71 59.94 61.38 59.46 59.07 1268461
59.26,59.25 59.04 59.35 58.71 59.94 61.38 59.46 59.07 1268461
59.25,61.26 61.07 61.14 58.79 59.94 61.38 59.46 59.07 12829552
59.24,59.25 59.04 59.35 58.71 59.94 61.38 59.46 59.07 1132222
59.99,59.25 59.04 60.30 58.71 59.94 61.38 59.46 59.07 3077816
59.24,59.25 59.04 59.35 58.71 59.94 61.38 59.46 59.07 1132222
59.25,61.26 61.07 61.14 58.79 59.94 61.38 59.46 59.07 12829552
59.99,59.25 59.04 60.30 58.71 59.94 61.38 59.46 59.07 3077816
59.99,59.25 59.04 60.30 58.71 59.94 61.38 59.46 59.07 3077816
59.24,59.25 59.04 59.35 58.71 59.94 61.38 59.46 59.07 1132222
59.26,59.25 59.04 59.35 58.71 59.94 61.38 59.46 59.07 1268461
59.81,59.25 59.04 60.60 58.71 59.94 61.38 59.83 59.04 9307915
59.81,59.25 59.04 60.60 58.71 59.94 61.38 59.83 59.04 9301574
59.81,59.25 59.04 60.60 58.71 59.94 61.38 59.83 59.04 9307915
59.81,59.25 59.04 60.60 58.71 59.94 61.38 59.83 59.04 9307915
59.81,59.25 59.04 60.60 58.71 59.94 61.38 59.83 59.04 9301574
59.81,59.25 59.04 60.60 58.71 59.94 61.38 59.83 59.04 9301574
59.81,59.25 59.04 60.60 58.71 59.94 61.38 59.83 59.04 9307915
59.81,59.25 59.04 60.60 58.71 59.93 61.43 59.83 59.04 9307915
59.81,59.25 59.04 60.60 58.71 59.93 61.43 59.83 59.04 9307915
59.81,59.25 59.04 60.60 58.71 59.93 61.43 59.83 59.04 9307915
59.81,59.25 59.04 60.60 58.71 59.93 61.43 59.83 59.04 9307915
59.81,59.25 59.04 60.60 58.71 59.93 61.43 59.83 59.04 9307915
59.81,59.25 59.04 60.60 58.71 59.94 61.38 59.83 59.04 9301574
59.81,59.25 59.04 60.60 58.71 59.94 61.38 59.83 59.04 9307915
59.81,59.25 59.04 60.60 58.71 59.94 61.38 59.83 59.04 9307915
59.81,59.25 59.04 60.60 58.71 59.93 61.43 59.83 59.04 9307915
59.81,59.25 59.04 60.60 58.71 59.93 61.43 59.83 59.04 9307915
59.81,59.25 59.04 60.60 58.71 59.93 61.43 59.83 59.04 9307915
59.81,59.25 59.04 60.60 58.71 59.93 61.43 59.83 59.04 9307915
59.81,59.25 59.04 60.60 58.71 59.94 61.38 59.83 59.04 9307915
59.81,59.25 59.04 60.60 58.71 59.93 61.43 59.83 59.04 9307915
59.81,59.25 59.04 60.60 58.71 59.93 61.43 59.83 59.04 9307915
59.81,59.25 59.04 60.60 58.71 59.93 61.43 59.83 59.04 9307915
59.81,59.25 59.04 60.60 58.71 59.93 61.43 59.83 59.04 9307915
59.81,59.25 59.04 60.60 58.71 59.93 61.43 59.83 59.04 9307915
59.81,59.25 59.04 60.60 58.71 59.93 61.43 59.83 59.04 9307915
59.81,59.25 59.04 60.60 58.71 59.94 61.38 59.83 59.04 9307915
59.81,59.25 59.04 60.60 58.71 59.93 61.43 59.83 59.04 9307915
59.81,59.25 59.04 60.60 58.71 59.93 61.43 59.83 59.04 9307915
59.81,59.25 59.04 60.60 58.71 59.93 61.43 59.83 59.04 9307915
59.81,59.25 59.04 60.60 58.71 59.93 61.43 59.83 59.04 9307915
59.81,59.25 59.04 60.60 58.71 59.93 61.43 59.83 59.04 9307915
59.81,59.25 59.04 60.60 58.71 59.93 61.43 59.83 59.04 9307915
59.81,59.25 59.04 60.60 58.71 59.93 61.43 59.83 59.04 9307915
59.81,59.25 59.04 60.60 58.71 59.93 61.43 59.83 59.04 9307915
59.81,59.25 59.04 60.60 58.71 59.93 61.43 59.83 59.04 9307915
59.81,59.25 59.04 60.60 58.71 59.93 61.43 59.83 59.04 9307915
59.81,59.25 59.04 60.60 58.71 59.93 61.43 59.83 59.04 9307915
59.81,59.25 59.04 60.60 58.71 59.93 61.43 59.83 59.04 9307915
59.81,59.25 59.04 60.60 58.71 59.94 61.38 59.83 59.04 9307915
59.81,59.25 59.04 60.60 58.71 59.93 61.43 59.83 59.99 9307915
59.81,59.25 59.04 60.60 58.71 59.93 61.43 59.83 59.92 9307915
59.81,59.25 59.04 60.60 58.71 59.93 61.43 59.83 59.88 9307915
59.81,59.25 59.04 60.60 58.71 59.93 61.43 59.83 59.92 9307915
59.81,59.25 59.04 60.60 58.71 59.93 61.43 59.83 60.10 9307915
59.81,59.25 59.04 60.60 58.71 59.94 61.38 59.83 60.10 9307915
59.81,59.25 59.04 60.60 58.71 59.93 61.43 59.83 60.10 9307915
59.81,59.25 59.04 60.60 58.71 59.94 61.38 59.83 60.10 9307915
59.81,59.25 59.04 60.60 58.71 59.93 61.43 59.83 60.10 9307915
59.81,59.25 59.04 60.60 58.71 59.93 61.43 59.83 60.10 9307915
59.81,59.25 59.04 60.60 58.71 59.93 61.43 59.83 60.10 9307915
59.81,59.25 59.04 60.60 58.71 59.93 61.43 59.83 60.10 9307915
59.81,59.25 59.04 60.60 58.71 59.94 61.38 59.83 60.10 9307915
59.81,59.25 59.04 60.60 58.71 59.93 61.43 59.83 60.10 9307915
59.81,59.25 59.04 60.60 58.71 59.93 61.43 59.83 60.10 9307915
59.81,59.25 59.04 60.60 58.71 59.93 61.43 59.83 60.10 9307915
59.81,59.25 59.04 60.60 58.71 59.93 61.43 59.83 60.10 9307915
59.81,59.25 59.04 60.60 58.71 59.93 61.43 59.83 60.10 9307915
59.81,59.25 59.04 60.60 58.71 59.93 61.43 59.83 60.10 9307915
59.81,59.25 59.04 60.60 58.71 59.93 61.43 59.83 60.10 9307915
59.81,59.25 59.04 60.60 58.71 59.93 61.43 59.83 60.10 9307915
59.81,59.25 59.04 60.60 58.71 59.93 61.43 59.83 60.10 9307915
59.81,59.25 59.04 60.60 58.71 59.93 61.43 59.83 60.10 9307915
59.81,59.25 59.04 60.60 58.71 59.93 61.43 59.83 60.10 9307915
59.81,59.25 59.04 60.60 58.71 59.93 61.43 59.83 60.27 9307915
59.81,59.25 59.04 60.60 58.71 59.93 61.43 59.83 60.12 9307915
59.81,59.25 59.04 60.60 58.71 59.93 61.43 59.83 60.12 9307915
59.81,59.25 59.04 60.60 58.71 59.93 61.43 59.83 60.12 9307915
59.81,59.25 59.04 60.60 58.71 59.93 61.43 59.83 60.12 9312316
59.81,59.25 59.04 60.60 58.71 59.93 61.43 59.83 59.95 9307915
59.81,59.25 59.04 60.60 58.71 59.93 61.43 59.83 59.77 9307915
59.81,59.25 59.04 60.60 58.71 59.93 61.43 59.83 59.83 9307915
59.81,59.25 59.04 60.60 58.71 59.93 61.43 59.83 60 9307915
59.81,59.25 59.04 60.60 58.71 59.93 61.43 59.83 59.81 9307915
59.81,59.25 59.04 60.60 58.71 59.93 61.43 59.83 59.81 9307915
59.81,59.25 59.04 60.60 58.71 59.93 61.43 59.83 59.81 9307915
59.81,59.25 59.04 60.60 58.71 59.93 61.43 59.83 59.81 9307915
59.81,59.25 59.04 60.60 58.71 59.93 61.43 59.83 59.81 9307915
59.81,59.25 59.04 60.60 58.71 59.93 61.43 59.83 59.81 9312316
59.81,59.25 59.04 60.60 58.71 59.93 61.43 59.83 59.81 9307915
59.81,59.25 59.04 60.60 58.71 59.93 61.43 59.83 59.81 9312316
59.81,59.25 59.04 60.60 58.71 59.93 61.43 59.83 59.97 9307915
59.81,59.25 59.04 60.60 58.71 59.93 61.43 59.83 59.97 9307915
59.81,59.25 59.04 60.60 58.71 59.93 61.43 59.83 59.97 9307915
59.81,59.25 59.04 60.60 58.71 59.93 61.43 59.83 59.97 9312316
59.81,59.25 59.04 60.60 58.71 59.93 61.43 59.83 59.97 9307915
59.81,59.25 59.04 60.60 58.71 59.93 61.43 59.83 59.97 9307915
59.81,59.25 59.04 60.60 58.71 59.93 61.43 59.83 59.97 9307915
59.81,59.25 59.04 60.60 58.71 59.93 61.43 59.83 59.89 9312316
59.81,59.25 59.04 60.60 58.71 59.93 61.43 59.83 59.83 9307915
59.81,59.25 59.04 60.60 58.71 59.93 61.43 59.83 59.62 9307915
59.81,59.25 59.04 60.60 58.71 59.93 61.43 59.83 59.80 9307915
59.81,59.25 59.04 60.60 58.71 59.93 61.43 59.83 59.60 9307915
59.81,59.25 59.04 60.60 58.71 59.93 61.43 59.83 59.61 9307915
59.81,59.25 59.04 60.60 58.71 59.93 61.43 59.83 59.61 9307915
59.81,59.25 59.04 60.60 58.71 59.93 61.43 59.83 59.73 9307915
59.81,59.25 59.04 60.60 58.71 59.93 61.43 59.83 59.60 9307915
59.81,59.25 59.04 60.60 58.71 59.93 61.43 59.83 59.55 9312316
59.81,59.25 59.04 60.60 58.71 59.93 61.43 59.83 59.55 9307915
59.81,59.25 59.04 60.60 58.71 59.93 61.43 59.83 59.55 9307915
59.81,59.25 59.04 60.60 58.71 59.93 61.43 59.83 59.55 9307915
59.81,59.25 59.04 60.60 58.71 59.93 61.43 59.83 59.55 9312316
59.81,59.25 59.04 60.60 58.71 59.93 61.43 59.83 59.55 9307915
59.81,59.25 59.04 60.60 58.71 59.93 61.43 59.83 59.55 9312316
59.81,59.25 59.04 60.60 58.71 59.93 61.43 59.83 59.55 9307915
59.81,59.25 59.04 60.60 58.71 59.93 61.43 59.83 59.55 9312316
59.81,59.25 59.04 60.60 58.71 59.93 61.43 59.83 59.55 9307915
59.81,59.25 59.04 60.60 58.71 59.93 61.43 59.83 59.55 9307915
59.81,59.25 59.04 60.60 58.71 59.93 61.43 59.83 59.55 9312316
59.81,59.25 59.04 60.60 58.71 59.93 61.43 59.83 59.55 9307915
59.81,59.25 59.04 60.60 58.71 59.93 61.43 59.83 59.55 9312316
59.81,59.25 59.04 60.60 58.71 59.93 61.43 59.83 59.55 9307915
59.81,59.25 59.04 60.60 58.71 59.93 61.43 59.83 59.55 9307915
59.81,59.25 59.04 60.60 58.71 59.93 61.43 59.83 59.55 9307915
59.81,59.25 59.04 60.60 58.71 59.93 61.43 59.83 59.55 9307915
59.81,59.25 59.04 60.60 58.71 59.93 61.43 59.83 59.55 9307915
59.81,59.25 59.04 60.60 58.71 59.93 61.43 59.83 59.55 9312316
59.81,59.25 59.04 60.60 58.71 59.93 61.43 59.83 59.55 9307915
59.81,59.25 59.04 60.60 58.71 59.93 61.43 59.83 59.55 9307915
59.81,59.25 59.04 60.60 58.71 59.93 61.43 59.83 59.55 9307915
58.33,59.81 59.61 59.62 57.95 59.93 61.41 58.39 58.80 12766907
58.33,59.81 59.61 59.62 57.95 59.93 61.41 58.39 58.80 12766907
58.33,59.81 59.61 59.62 57.95 59.93 61.41 58.39 58.80 12766907
58.33,59.81 59.61 59.62 57.95 59.93 61.41 58.39 58.80 12766907
58.33,59.81 59.61 59.62 57.95 59.93 61.41 58.39 58.83 12766907
58.33,59.81 59.61 59.62 57.95 59.93 61.41 58.39 58.83 12766907
58.33,59.81 59.61 59.62 57.95 59.93 61.41 58.39 58.84 12766907
58.33,59.81 59.61 59.62 57.95 59.93 61.41 58.39 58.84 12766907
58.33,59.81 59.61 59.62 57.95 59.93 61.41 58.39 58.84 12766907
58.33,59.81 59.61 59.62 57.95 59.93 61.41 58.39 58.84 12784606
58.33,59.81 59.61 59.62 57.95 59.93 61.41 58.39 58.78 12786606
58.33,59.81 59.61 59.62 57.95 59.93 61.41 58.39 58.76 12766907
58.33,59.81 59.61 59.62 57.95 59.93 61.41 58.39 58.76 12766907
58.33,59.81 59.61 59.62 57.95 59.93 61.41 58.39 58.88 12786606
58.33,59.81 59.61 59.62 57.95 59.93 61.41 58.39 58.77 12766907
58.33,59.81 59.61 59.62 57.95 59.93 61.41 58.39 58.77 12766907
58.33,59.81 59.61 59.62 57.95 59.93 61.41 58.39 58.73 12766907
58.33,59.81 59.61 59.62 57.95 59.93 61.41 58.39 58.63 12766907
58.33,59.81 59.61 59.62 57.95 59.93 61.41 58.39 58.63 12766907
58.33,59.81 59.61 59.62 57.95 59.93 61.41 58.39 58.63 12786606
58.33,59.81 59.61 59.62 57.95 59.93 61.41 58.39 58.63 12786606
58.33,59.81 59.61 59.62 57.95 59.93 61.41 58.39 58.70 12766907
58.33,59.81 59.61 59.62 57.95 59.93 61.41 58.39 58.70 12786606
58.33,59.81 59.61 59.62 57.95 59.93 61.41 58.39 58.70 12766907
58.33,59.81 59.61 59.62 57.95 59.93 61.41 58.39 58.70 12784606
58.33,59.81 59.61 59.62 57.95 59.93 61.41 58.39 58.70 12766907
58.33,59.81 59.61 59.62 57.95 59.93 61.41 58.39 58.70 12766907
58.33,59.81 59.61 59.62 57.95 59.93 61.41 58.39 58.70 12786606
58.33,59.81 59.61 59.62 57.95 59.93 61.41 58.39 58.70 12786606
58.33,59.81 59.61 59.62 57.95 59.93 61.41 58.39 58.70 12784606
58.33,59.81 59.61 59.62 57.95 59.93 61.41 58.39 58.70 12784606
58.33,59.81 59.61 59.62 57.95 59.93 61.41 58.39 58.70 12786606
58.33,59.81 59.61 59.62 57.95 59.93 61.41 58.39 58.70 12786606
58.33,59.81 59.61 59.62 57.95 59.93 61.41 58.39 58.70 12766907
58.33,59.81 59.61 59.62 57.95 59.93 61.41 58.39 58.70 12786606
58.33,59.81 59.61 59.62 57.95 59.93 61.41 58.39 58.70 12786606
58.33,59.81 59.61 59.62 57.95 59.93 61.41 58.39 58.70 12786606
58.33,59.81 59.61 59.62 57.95 59.93 61.41 58.39 58.70 12786606
58.9578,58.3300 58.7000 59.0100 58.5000 59.9329 61.4066 58.39 58.70 696761
58.33,59.81 59.61 59.62 57.95 59.93 61.41 58.39 58.70 12786606
58.33,59.81 59.61 59.62 57.95 59.93 61.41 58.39 58.70 12784606
58.33,59.81 59.61 59.62 57.95 59.93 61.41 58.39 58.70 12766907
58.33,59.81 59.61 59.62 57.95 59.93 61.41 58.39 58.70 12784606
58.33,59.81 59.61 59.62 57.95 59.93 61.41 58.39 58.70 12786606
58.33,59.81 59.61 59.62 57.95 59.93 61.41 58.39 58.70 12766907
58.88,58.33 58.70 59.04 57.97 59.93 61.39 58.95 59.29 9402576
58.88,58.33 58.70 59.04 57.97 59.93 61.39 58.95 59.29 9402576
58.88,58.33 58.70 59.04 57.97 59.93 61.39 58.95 59.29 9402576
58.88,58.33 58.70 59.04 57.97 59.93 61.41 58.95 59.29 9402476
58.88,58.33 58.70 59.04 57.97 59.93 61.39 58.95 59.29 9402576
