37.89,37.93 37.80 37.92 37.61 36.32 34.11 37.93 37.81 3295838
37.89,37.93 37.80 37.92 37.61 36.32 34.11 37.93 37.81 3295838
38.07,37.93 37.80 38.08 37.61 36.32 34.11 38.11 37.81 6606025
38.07,37.93 37.80 38.08 37.61 36.32 34.11 38.11 37.81 6606025
37.89,37.93 37.80 37.92 37.61 36.32 34.11 38.13 37.81 3295838
38.10,37.93 37.80 38.14 37.61 36.32 34.11 38.13 37.81 7731884
38.07,37.93 37.80 38.08 37.61 36.32 34.11 38.13 37.81 6606025
38.10,37.93 37.80 38.14 37.61 36.32 34.11 38.0496 37.81 7731884
38.07,37.93 37.80 38.08 37.61 36.32 34.11 38.13 37.81 6606025
38.07,37.93 37.80 38.08 37.61 36.32 34.11 38.07 37.81 6606025
38.0799,37.9300 37.8000 38.1400 37.6100 36.3174 34.1074 38.07 37.81 8416318
38.10,37.93 37.80 38.14 37.61 36.32 34.11 38.13 37.81 7731884
37.89,37.93 37.80 37.92 37.61 36.32 34.11 38.13 37.81 3295838
37.89,37.93 37.80 37.92 37.61 36.32 34.11 38.13 37.81 3295838
38.10,37.93 37.80 38.14 37.61 36.32 34.11 38.13 37.81 7731884
38.07,37.93 37.80 38.08 37.61 36.32 34.11 38.13 37.81 6606025
38.0799,37.9300 37.8000 38.1400 37.6100 36.3174 34.1074 38.13 37.81 8416318
38.10,37.93 37.80 38.14 37.61 36.32 34.11 38.13 37.81 7731884
38.10,37.93 37.80 38.14 37.61 36.32 34.11 38.13 37.81 7731884
38.0799,37.9300 37.8000 38.1400 37.6100 36.3174 34.1074 38.13 37.81 8416318
38.07,37.93 37.80 38.08 37.61 36.32 34.11 38.13 37.81 6606025
38.13,37.93 37.80 38.19 37.61 36.32 34.11 38.13 37.81 21319838
38.07,37.93 37.80 38.08 37.61 36.32 34.11 38.13 37.81 6606025
38.10,37.93 37.80 38.14 37.61 36.32 34.11 38.13 37.81 7731884
38.10,37.93 37.80 38.14 37.61 36.32 34.11 38.13 37.81 7731884
38.07,37.93 37.80 38.08 37.61 36.32 34.11 38.13 37.81 6606025
38.07,37.93 37.80 38.08 37.61 36.32 34.11 38.13 37.81 6606025
38.10,37.93 37.80 38.14 37.61 36.32 34.11 38.13 37.81 7731884
38.0799,37.9300 37.8000 38.1400 37.6100 36.3174 34.1074 38.1099 37.81 8416318
38.07,37.93 37.80 38.08 37.61 36.32 34.11 38.08 37.81 6606025
38.10,37.93 37.80 38.14 37.61 36.32 34.11 38.08 37.81 7731884
38.0799,37.9300 37.8000 38.1400 37.6100 36.3174 34.1074 38.08 37.81 8416318
38.0799,37.9300 37.8000 38.1400 37.6100 36.3174 34.1074 38.08 37.81 8416318
38.13,37.93 37.80 38.19 37.61 36.32 34.11 38.0901 37.80 22010112
38.13,37.93 37.80 38.19 37.61 36.32 34.11 38.0901 37.80 22000923
38.13,37.93 37.80 38.19 37.61 36.32 34.11 38.0901 37.80 22010112
38.13,37.93 37.80 38.19 37.61 36.44 34.13 38.0901 37.80 22010112
38.13,37.93 37.80 38.19 37.61 36.32 34.11 38.0901 37.80 22000923
38.13,37.93 37.80 38.19 37.61 36.32 34.11 38.0901 37.80 22000923
38.13,37.93 37.80 38.19 37.61 36.32 34.11 38.0901 37.80 22010112
38.13,37.93 37.80 38.19 37.61 36.44 34.13 38.0901 37.80 22010112
38.13,37.93 37.80 38.19 37.61 36.32 34.11 38.0901 37.80 22010112
38.13,37.93 37.80 38.19 37.61 36.32 34.11 38.0901 37.80 22010112
38.13,37.93 37.80 38.19 37.61 36.32 34.11 38.0901 37.80 22000923
38.13,37.93 37.80 38.19 37.61 36.32 34.11 38.0901 37.80 22010112
38.13,37.93 37.80 38.19 37.61 36.32 34.11 38.0901 37.80 22000923
38.13,37.93 37.80 38.19 37.61 36.32 34.11 38.0901 37.80 22000923
38.13,37.93 37.80 38.19 37.61 36.32 34.11 38.0901 37.80 22010112
38.13,37.93 37.80 38.19 37.61 36.44 34.13 38.0901 37.80 22010112
38.13,37.93 37.80 38.19 37.61 36.32 34.11 38.0901 37.80 22010112
38.13,37.93 37.80 38.19 37.61 36.32 34.11 38.0901 37.80 22010112
38.13,37.93 37.80 38.19 37.61 36.44 34.13 38.0901 37.80 22010112
38.13,37.93 37.80 38.19 37.61 36.44 34.13 38.0901 37.80 22010112
38.13,37.93 37.80 38.19 37.61 36.32 34.11 38.0901 37.80 22010112
38.13,37.93 37.80 38.19 37.61 36.44 34.13 38.0901 37.80 22010112
38.13,37.93 37.80 38.19 37.61 36.44 34.13 38.0901 37.80 22010112
38.13,37.93 37.80 38.19 37.61 36.32 34.11 38.0901 37.80 22010112
38.13,37.93 37.80 38.19 37.61 36.32 34.11 38.0901 37.80 22010112
38.13,37.93 37.80 38.19 37.61 36.44 34.13 38.0901 37.80 22010112
38.13,37.93 37.80 38.19 37.61 36.44 34.13 38.0901 37.80 22010112
38.13,37.93 37.80 38.19 37.61 36.44 34.13 38.0901 37.80 22010112
38.13,37.93 37.80 38.19 37.61 36.44 34.13 38.0901 37.80 22010112
38.13,37.93 37.80 38.19 37.61 36.44 34.13 38.0901 37.80 22010112
38.13,37.93 37.80 38.19 37.61 36.32 34.11 38.0901 37.80 22010112
38.13,37.93 37.80 38.19 37.61 36.44 34.13 38.0901 37.80 22010112
38.13,37.93 37.80 38.19 37.61 36.44 34.13 38.0901 37.80 22010112
38.13,37.93 37.80 38.19 37.61 36.32 34.11 38.0901 37.80 22010112
38.13,37.93 37.80 38.19 37.61 36.44 34.13 38.0901 37.80 22010112
38.13,37.93 37.80 38.19 37.61 36.44 34.13 38.0901 37.80 22010112
38.13,37.93 37.80 38.19 37.61 36.44 34.13 38.0901 37.80 22010112
38.13,37.93 37.80 38.19 37.61 36.44 34.13 38.0901 37.80 22010112
38.13,37.93 37.80 38.19 37.61 36.44 34.13 38.0901 37.80 22010112
38.13,37.93 37.80 38.19 37.61 36.44 34.13 38.0901 37.80 22010112
38.13,37.93 37.80 38.19 37.61 36.44 34.13 38.0901 38.09 22010112
38.13,37.93 37.80 38.19 37.61 36.44 34.13 38.0901 38.09 22010112
38.13,37.93 37.80 38.19 37.61 36.44 34.13 38.0901 38.09 22010112
38.13,37.93 37.80 38.19 37.61 36.44 34.13 38.0901 38.09 22010112
38.13,37.93 37.80 38.19 37.61 36.44 34.13 38.0901 38.09 22010112
38.13,37.93 37.80 38.19 37.61 36.44 34.13 38.0901 38.09 22010112
38.13,37.93 37.80 38.19 37.61 36.44 34.13 38.0901 38.09 22010112
38.13,37.93 37.80 38.19 37.61 36.44 34.13 38.0901 38.09 22010112
38.13,37.93 37.80 38.19 37.61 36.44 34.13 38.0901 38.09 22010112
38.13,37.93 37.80 38.19 37.61 36.44 34.13 38.0901 38.13 22010112
38.13,37.93 37.80 38.19 37.61 36.44 34.13 38.0901 38.05 22010112
38.13,37.93 37.80 38.19 37.61 36.44 34.13 38.0901 38.05 22010112
38.13,37.93 37.80 38.19 37.61 36.44 34.13 38.0901 38.05 22010112
38.13,37.93 37.80 38.19 37.61 36.44 34.13 38.0901 38.05 22010112
38.13,37.93 37.80 38.19 37.61 36.44 34.13 38.0901 38 22010112
38.13,37.93 37.80 38.19 37.61 36.44 34.13 38.0901 38 22010112
38.13,37.93 37.80 38.19 37.61 36.44 34.13 38.0901 38 22010112
38.13,37.93 37.80 38.19 37.61 36.44 34.13 38.0901 38 22010112
38.13,37.93 37.80 38.19 37.61 36.44 34.13 38.0901 38 22010112
38.13,37.93 37.80 38.19 37.61 36.44 34.13 38.0901 38 22010112
38.13,37.93 37.80 38.19 37.61 36.44 34.13 38.0901 38 22010112
38.13,37.93 37.80 38.19 37.61 36.44 34.13 38.0901 38 22010112
38.13,37.93 37.80 38.19 37.61 36.44 34.13 38.0901 38 22010112
38.13,37.93 37.80 38.19 37.61 36.44 34.13 38.0901 38 22010112
38.13,37.93 37.80 38.19 37.61 36.44 34.13 38.0901 38.10 22010112
38.13,37.93 37.80 38.19 37.61 36.44 34.13 38.0901 38.08 22010112
38.13,37.93 37.80 38.19 37.61 36.44 34.13 38.0901 38.08 22010112
38.13,37.93 37.80 38.19 37.61 36.44 34.13 38.0901 38.08 22010112
38.13,37.93 37.80 38.19 37.61 36.44 34.13 38.0901 38.08 22010112
38.13,37.93 37.80 38.19 37.61 36.44 34.13 38.0901 38.08 22010112
38.13,37.93 37.80 38.19 37.61 36.44 34.13 38.0901 38.08 22010112
38.13,37.93 37.80 38.19 37.61 36.44 34.13 38.0901 38.08 22010112
38.13,37.93 37.80 38.19 37.61 36.44 34.13 38.0901 38.08 22010112
38.13,37.93 37.80 38.19 37.61 36.44 34.13 38.0901 38.03 22010112
38.13,37.93 37.80 38.19 37.61 36.44 34.13 38.0901 38.01 22010112
38.13,37.93 37.80 38.19 37.61 36.44 34.13 38.0901 38.01 22010112
38.13,37.93 37.80 38.19 37.61 36.44 34.13 38.0901 38 22010112
38.13,37.93 37.80 38.19 37.61 36.44 34.13 38.0901 38 22010112
38.13,37.93 37.80 38.19 37.61 36.44 34.13 38.0901 38 22010112
38.13,37.93 37.80 38.19 37.61 36.44 34.13 38.0901 38 22010112
38.13,37.93 37.80 38.19 37.61 36.44 34.13 38.0901 38 22010112
38.13,37.93 37.80 38.19 37.61 36.44 34.13 38.0901 38 22010112
38.13,37.93 37.80 38.19 37.61 36.44 34.13 38.0901 38 22010112
38.13,37.93 37.80 38.19 37.61 36.44 34.13 38.0901 38 22010112
38.13,37.93 37.80 38.19 37.61 36.44 34.13 38.0901 38 22010112
38.13,37.93 37.80 38.19 37.61 36.44 34.13 38.0901 38 22010112
38.13,37.93 37.80 38.19 37.61 36.44 34.13 38.0901 38 22010112
38.13,37.93 37.80 38.19 37.61 36.44 34.13 38.0901 38 22010112
38.13,37.93 37.80 38.19 37.61 36.44 34.13 38.0901 38 22010112
38.13,37.93 37.80 38.19 37.61 36.44 34.13 38.0901 38 22010112
38.13,37.93 37.80 38.19 37.61 36.44 34.13 38.0901 38 22010112
38.13,37.93 37.80 38.19 37.61 36.44 34.13 38.0901 38 22010112
38.13,37.93 37.80 38.19 37.61 36.44 34.13 38.0901 38 22010112
38.13,37.93 37.80 38.19 37.61 36.44 34.13 38.0901 38 22010112
38.13,37.93 37.80 38.19 37.61 36.44 34.13 38.0901 38 22010112
38.13,37.93 37.80 38.19 37.61 36.44 34.13 38.0901 38 22010112
38.13,37.93 37.80 38.19 37.61 36.44 34.13 38.0901 38 22010112
38.13,37.93 37.80 38.19 37.61 36.44 34.13 38.0901 38 22010112
38.13,37.93 37.80 38.19 37.61 36.44 34.13 38.0901 38 22010112
38.13,37.93 37.80 38.19 37.61 36.44 34.13 38.0901 38 22010112
38.13,37.93 37.80 38.19 37.61 36.44 34.13 38.0901 38 22010112
38.13,37.93 37.80 38.19 37.61 36.44 34.13 38.0901 38 22010112
38.13,37.93 37.80 38.19 37.61 36.44 34.13 38.0901 38 22010112
38.13,37.93 37.80 38.19 37.61 36.44 34.13 38.0901 38 22010112
38.13,37.93 37.80 38.19 37.61 36.44 34.13 38.0901 38 22010112
38.13,37.93 37.80 38.19 37.61 36.44 34.13 38.0901 38 22010112
38.13,37.93 37.80 38.19 37.61 36.44 34.13 38.0901 38 22010112
38.13,37.93 37.80 38.19 37.61 36.44 34.13 38.0901 38 22010112
38.13,37.93 37.80 38.19 37.61 36.44 34.13 38.0901 38 22010112
38.13,37.93 37.80 38.19 37.61 36.44 34.13 38.0901 38 22010112
38.13,37.93 37.80 38.19 37.61 36.44 34.13 38.0901 38 22010112
38.13,37.93 37.80 38.19 37.61 36.44 34.13 38.0901 38 22010112
38.13,37.93 37.80 38.19 37.61 36.44 34.13 38.0901 38 22010112
38.13,37.93 37.80 38.19 37.61 36.44 34.13 38.0901 38 22010112
38.13,37.93 37.80 38.19 37.61 36.44 34.13 38.0901 38 22010112
38.13,37.93 37.80 38.19 37.61 36.44 34.13 38.0901 38 22010112
38.13,37.93 37.80 38.19 37.61 36.44 34.13 38.0901 38 22010112
38.13,37.93 37.80 38.19 37.61 36.44 34.13 38.0901 38 22010112
38.13,37.93 37.80 38.19 37.61 36.44 34.13 38.0901 38 22010112
38.13,37.93 37.80 38.19 37.61 36.44 34.13 38.0901 38 22010112
38.13,37.93 37.80 38.19 37.61 36.44 34.13 38.0901 38 22010112
38.09,38.13 37.97 38.42 37.85 36.49 34.17 38.10 37.97 24606566
38.09,38.13 37.97 38.42 37.85 36.44 34.14 38.10 37.97 24606566
38.09,38.13 37.97 38.42 37.85 36.49 34.17 38.10 37.97 24606566
38.09,38.13 37.97 38.42 37.85 36.49 34.17 38.10 37.97 24606566
38.09,38.13 37.97 38.42 37.85 36.49 34.17 38.10 37.97 24606566
38.09,38.13 37.97 38.42 37.85 36.44 34.14 38.10 37.97 24606566
38.09,38.13 37.97 38.42 37.85 36.49 34.17 38.10 37.97 24606566
38.09,38.13 37.97 38.42 37.85 36.49 34.17 38.10 37.97 24606566
38.09,38.13 37.97 38.42 37.85 36.49 34.17 38.10 37.97 24606566
38.09,38.13 37.97 38.42 37.85 36.49 34.17 38.10 37.97 24606566
38.09,38.13 37.97 38.42 37.85 36.44 34.14 38.10 37.97 24606566
38.09,38.13 37.97 38.42 37.85 36.44 34.14 38.10 37.97 24606566
38.09,38.13 37.97 38.42 37.85 36.49 34.17 38.10 37.97 24606566
38.09,38.13 37.97 38.42 37.85 36.49 34.17 38.10 37.97 24606566
38.09,38.13 37.97 38.42 37.85 36.49 34.17 38.10 37.97 24606566
38.09,38.13 37.97 38.42 37.85 36.49 34.17 38.10 37.97 24606566
38.09,38.13 37.97 38.42 37.85 36.49 34.17 38.10 37.97 24606566
38.09,38.13 37.97 38.42 37.85 36.49 34.17 38.10 37.97 24606566
38.09,38.13 37.97 38.42 37.85 36.49 34.17 38.10 37.97 24606566
38.09,38.13 37.97 38.42 37.85 36.44 34.14 38.10 37.97 24606566
38.09,38.13 37.97 38.42 37.85 36.49 34.17 38.10 37.97 24606566
38.09,38.13 37.97 38.42 37.85 36.49 34.17 38.10 37.97 24606566
38.09,38.13 37.97 38.42 37.85 36.49 34.17 38.10 37.97 24606566
38.09,38.13 37.97 38.42 37.85 36.44 34.14 38.10 37.97 24606566
38.09,38.13 37.97 38.42 37.85 36.44 34.14 38.10 37.97 24606566
38.09,38.13 37.97 38.42 37.85 36.49 34.17 38.10 37.97 24606566
38.09,38.13 37.97 38.42 37.85 36.49 34.17 38.10 37.97 24606566
38.09,38.13 37.97 38.42 37.85 36.49 34.17 38.10 37.97 24606566
38.09,38.13 37.97 38.42 37.85 36.44 34.14 38.10 37.97 24606566
38.09,38.13 37.97 38.42 37.85 36.49 34.17 38.10 37.97 24606566
38.09,38.13 37.97 38.42 37.85 36.49 34.17 38.10 37.97 24606566
38.09,38.13 37.97 38.42 37.85 36.49 34.17 38.10 37.97 24606566
38.09,38.13 37.97 38.42 37.85 36.44 34.14 38.10 37.97 24606566
38.09,38.13 37.97 38.42 37.85 36.44 34.14 38.10 37.97 24606566
38.09,38.13 37.97 38.42 37.85 36.49 34.17 38.10 37.97 24606566
38.09,38.13 37.97 38.42 37.85 36.49 34.17 38.10 37.97 24606566
38.09,38.13 37.97 38.42 37.85 36.49 34.17 38.10 37.97 24606566
38.09,38.13 37.97 38.42 37.85 36.49 34.17 38.10 37.97 24606566
38.09,38.13 37.97 38.42 37.85 36.44 34.14 38.10 37.97 24606566
38.09,38.13 37.97 38.42 37.85 36.49 34.17 38.10 37.97 24606566
38.09,38.13 37.97 38.42 37.85 36.44 34.14 38.10 37.97 24606566
38.09,38.13 37.97 38.42 37.85 36.49 34.17 38.10 37.97 24606566
38.09,38.13 37.97 38.42 37.85 36.49 34.17 38.10 37.97 24606566
38.09,38.13 37.97 38.42 37.85 36.49 34.17 38.10 37.97 24606566
38.09,38.13 37.97 38.42 37.85 36.44 34.14 38.10 37.97 24606566
38.09,38.13 37.97 38.42 37.85 36.49 34.17 38.10 37.97 24606566
38.09,38.13 37.97 38.42 37.85 36.44 34.14 38.10 37.97 24606566
38.09,38.13 37.97 38.42 37.85 36.49 34.17 38.10 37.97 24606566
38.09,38.13 37.97 38.42 37.85 36.49 34.17 38.10 37.97 24606566
38.09,38.13 37.97 38.42 37.85 36.49 34.17 38.10 37.97 24606566
38.09,38.13 37.97 38.42 37.85 36.49 34.17 38.10 37.97 24606566
38.09,38.13 37.97 38.42 37.85 36.49 34.17 38.10 37.97 24606566
38.09,38.13 37.97 38.42 37.85 36.49 34.17 38.10 37.97 24606566
38.09,38.13 37.97 38.42 37.85 36.49 34.17 38.10 37.97 24606566
38.09,38.13 37.97 38.42 37.85 36.49 34.17 38.10 37.97 24606566
38.09,38.13 37.97 38.42 37.85 36.49 34.17 38.10 37.97 24606566
38.09,38.13 37.97 38.42 37.85 36.49 34.17 38.10 37.97 24606566
38.09,38.13 37.97 38.42 37.85 36.49 34.17 38.10 37.97 24606566
38.09,38.13 37.97 38.42 37.85 36.49 34.17 38.10 37.97 24606566
38.09,38.13 37.97 38.42 37.85 36.49 34.17 38.10 37.97 24606566
38.09,38.13 37.97 38.42 37.85 36.49 34.17 38.10 37.97 24606566
38.09,38.13 37.97 38.42 37.85 36.49 34.17 38.10 37.97 24606566
38.09,38.13 37.97 38.42 37.85 36.49 34.17 38.10 37.97 24606566
38.09,38.13 37.97 38.42 37.85 36.49 34.17 38.10 37.97 24606566
38.09,38.13 37.97 38.42 37.85 36.44 34.14 38.10 38.33 24606566
38.09,38.13 37.97 38.42 37.85 36.49 34.17 38.10 38.33 24606566
38.09,38.13 37.97 38.42 37.85 36.49 34.17 38.10 38.33 24606566
38.09,38.13 37.97 38.42 37.85 36.49 34.17 38.10 38.33 24606566
38.09,38.13 37.97 38.42 37.85 36.49 34.17 38.10 38.33 24606566
38.09,38.13 37.97 38.42 37.85 36.49 34.17 38.10 38.33 24606566
38.09,38.13 37.97 38.42 37.85 36.49 34.17 38.10 38.33 24606566
38.09,38.13 37.97 38.42 37.85 36.49 34.17 38.10 38.33 24606566
38.09,38.13 37.97 38.42 37.85 36.49 34.17 38.10 38.33 24606566
38.09,38.13 37.97 38.42 37.85 36.49 34.17 38.10 38.27 24606566
38.09,38.13 37.97 38.42 37.85 36.49 34.17 38.10 38.27 24606566
38.09,38.13 37.97 38.42 37.85 36.49 34.17 38.10 38.27 24606566
38.09,38.13 37.97 38.42 37.85 36.49 34.17 38.10 38.27 24606566
38.09,38.13 37.97 38.42 37.85 36.49 34.17 38.10 38.27 24606566
38.09,38.13 37.97 38.42 37.85 36.49 34.17 38.10 38.21 24606566
38.09,38.13 37.97 38.42 37.85 36.49 34.17 38.10 38.21 24608879
38.09,38.13 37.97 38.42 37.85 36.49 34.17 38.10 38.21 24608879
38.09,38.13 37.97 38.42 37.85 36.49 34.17 38.10 38.21 24608879
38.09,38.13 37.97 38.42 37.85 36.49 34.17 38.10 38.21 24606566
38.09,38.13 37.97 38.42 37.85 36.49 34.17 38.10 38.21 24606566
38.09,38.13 37.97 38.42 37.85 36.49 34.17 38.10 38.21 24606566
38.09,38.13 37.97 38.42 37.85 36.49 34.17 38.10 38.21 24606566
38.09,38.13 37.97 38.42 37.85 36.49 34.17 38.10 38.21 24608879
38.09,38.13 37.97 38.42 37.85 36.49 34.17 38.10 38.21 24606566
38.09,38.13 37.97 38.42 37.85 36.49 34.17 38.10 38.21 24606566
38.09,38.13 37.97 38.42 37.85 36.49 34.17 38.10 38.16 24608879
38.09,38.13 37.97 38.42 37.85 36.49 34.17 38.10 38.16 24606566
38.09,38.13 37.97 38.42 37.85 36.49 34.17 38.10 38.21 24608879
38.09,38.13 37.97 38.42 37.85 36.49 34.17 38.10 38.21 24608879
38.09,38.13 37.97 38.42 37.85 36.49 34.17 38.10 38.21 24606566
38.09,38.13 37.97 38.42 37.85 36.49 34.17 38.10 38.21 24606566
38.09,38.13 37.97 38.42 37.85 36.49 34.17 38.10 38.21 24606566
38.09,38.13 37.97 38.42 37.85 36.49 34.17 38.10 38.19 24608879
38.09,38.13 37.97 38.42 37.85 36.49 34.17 38.10 38.16 24606566
38.09,38.13 37.97 38.42 37.85 36.49 34.17 38.10 38.16 24606566
38.09,38.13 37.97 38.42 37.85 36.49 34.17 38.10 38.16 24606566
38.09,38.13 37.97 38.42 37.85 36.49 34.17 38.10 38.16 24608879
38.09,38.13 37.97 38.42 37.85 36.49 34.17 38.10 38.16 24608879
38.09,38.13 37.97 38.42 37.85 36.49 34.17 38.10 38.16 24606566
38.09,38.13 37.97 38.42 37.85 36.49 34.17 38.10 38.16 24608879
38.09,38.13 37.97 38.42 37.85 36.49 34.17 38.10 38.16 24608879
38.09,38.13 37.97 38.42 37.85 36.49 34.17 38.10 38.16 24608879
38.09,38.13 37.97 38.42 37.85 36.49 34.17 38.10 38.16 24606566
38.09,38.13 37.97 38.42 37.85 36.49 34.17 38.10 38.16 24606566
38.09,38.13 37.97 38.42 37.85 36.49 34.17 38.10 38.16 24606566
38.09,38.13 37.97 38.42 37.85 36.49 34.17 38.10 38.16 24606566
38.09,38.13 37.97 38.42 37.85 36.49 34.17 38.10 38.16 24606566
38.09,38.13 37.97 38.42 37.85 36.49 34.17 38.10 38.16 24608879
38.09,38.13 37.97 38.42 37.85 36.49 34.17 38.10 38.16 24606566
38.09,38.13 37.97 38.42 37.85 36.49 34.17 38.10 38.16 24606566
38.09,38.13 37.97 38.42 37.85 36.49 34.17 38.10 38.16 24608879
38.1362,38.0900 38.1200 38.2040 38.1100 36.4863 34.1691 38.10 38.16 542488
38.09,38.13 37.97 38.42 37.85 36.49 34.17 38.10 38.16 24608879
38.09,38.13 37.97 38.42 37.85 36.49 34.17 38.10 38.16 24606566
38.09,38.13 37.97 38.42 37.85 36.49 34.17 38.10 38.16 24606566
38.1362,38.0900 38.1200 38.2040 38.1100 36.4863 34.1691 38.10 38.16 542488
37.98,38.09 38.12 38.32 37.83 36.59 34.20 37.9401 38.08 22171595
37.98,38.09 38.12 38.32 37.83 36.59 34.20 37.9401 38.08 22171595
37.98,38.09 38.12 38.32 37.83 36.59 34.20 37.9401 38.08 22171595
37.98,38.09 38.12 38.32 37.83 36.59 34.20 37.9401 38.09 22171595
37.98,38.09 38.12 38.32 37.83 36.59 34.20 37.9401 38.10 22171595
37.98,38.09 38.12 38.32 37.83 36.59 34.20 37.9401 38.10 22171595
37.98,38.09 38.12 38.32 37.83 36.59 34.20 37.9401 38.10 22171595
37.98,38.09 38.12 38.32 37.83 36.59 34.20 37.9401 38.10 22171595
37.98,38.09 38.12 38.32 37.83 36.59 34.20 37.9401 38.13 22171595
37.98,38.09 38.12 38.32 37.83 36.59 34.20 37.9401 38.13 22171595
37.98,38.09 38.12 38.32 37.83 36.59 34.20 37.9401 38.13 22171595
37.98,38.09 38.12 38.32 37.83 36.59 34.20 37.9401 38.10 22171595
37.98,38.09 38.12 38.32 37.83 36.59 34.20 37.9401 38.10 22171595
37.98,38.09 38.12 38.32 37.83 36.59 34.20 37.9401 38.06 22171595
37.98,38.09 38.12 38.32 37.83 36.59 34.20 37.9401 38.06 22171595
37.98,38.09 38.12 38.32 37.83 36.59 34.20 37.9401 38.06 22171595
37.98,38.09 38.12 38.32 37.83 36.59 34.20 37.9401 38.06 22171595
37.98,38.09 38.12 38.32 37.83 36.59 34.20 37.9401 38.10 22171595
37.98,38.09 38.12 38.32 37.83 36.59 34.20 37.9401 38.10 22171595
37.98,38.09 38.12 38.32 37.83 36.59 34.20 37.9401 38 22171595
37.98,38.09 38.12 38.32 37.83 36.59 34.20 37.9401 38 22171595
37.98,38.09 38.12 38.32 37.83 36.59 34.20 37.9401 38 22171595
37.98,38.09 38.12 38.32 37.83 36.59 34.20 37.9401 38 22171595
37.98,38.09 38.12 38.32 37.83 36.59 34.20 37.9401 38.06 22171595
37.98,38.09 38.12 38.32 37.83 36.59 34.20 37.9401 38.06 22171595
37.98,38.09 38.12 38.32 37.83 36.59 34.20 37.9401 38.06 22171595
37.98,38.09 38.12 38.32 37.83 36.59 34.20 37.9401 38.06 22171595
37.98,38.09 38.12 38.32 37.83 36.59 34.20 37.9401 38.06 22171595
37.98,38.09 38.12 38.32 37.83 36.59 34.20 37.9401 38.06 22171595
37.98,38.09 38.12 38.32 37.83 36.59 34.20 37.9401 38.06 22171595
37.98,38.09 38.12 38.32 37.83 36.59 34.20 37.9401 38.06 22171595
37.98,38.09 38.12 38.32 37.83 36.59 34.20 37.9401 38.06 22171595
37.98,38.09 38.12 38.32 37.83 36.59 34.20 37.9401 38.06 22171595
37.98,38.09 38.12 38.32 37.83 36.59 34.20 37.9401 38.06 22171595
38.29,37.98 38.05 38.31 38.02 36.59 34.20 37.9401 38.06 2637508
37.98,38.09 38.12 38.32 37.83 36.59 34.20 37.9401 38.06 22171595
38.29,37.98 38.05 38.31 38.02 36.59 34.20 37.9401 38.06 2637508
37.98,38.09 38.12 38.32 37.83 36.59 34.20 37.9401 38.06 22171595
38.31,37.98 38.05 38.41 38.00 36.71 34.23 38.26 38.50 25215770
38.31,37.98 38.05 38.41 38.00 36.71 34.23 38.26 38.50 25215770
38.31,37.98 38.05 38.41 38.00 36.71 34.23 38.26 38.50 25215770
38.31,37.98 38.05 38.41 38.00 36.71 34.23 38.26 38.50 25215770
38.31,37.98 38.05 38.41 38.00 36.71 34.23 38.26 38.50 25215770
