19.365,19.360 19.110 19.730 18.770 17.156 23.954 19.360 19.19 13971802
19.11,19.36 19.11 19.73 18.77 17.16 23.95 19.36 19.19 15308812
19.11,19.36 19.11 19.73 18.77 17.16 23.95 19.15 19.19 15308812
19.34,19.36 19.11 19.73 18.77 17.16 23.95 19.15 19.19 13872521
19.365,19.360 19.110 19.730 18.770 17.156 23.954 19.17 19.19 13971802
19.34,19.36 19.11 19.73 18.77 17.16 23.95 19.17 19.19 13872521
19.365,19.360 19.110 19.730 18.770 17.156 23.954 19.17 19.19 13971802
19.365,19.360 19.110 19.730 18.770 17.156 23.954 19.2062 19.19 13971802
19.365,19.360 19.110 19.730 18.770 17.156 23.954 19.17 19.19 13971802
19.11,19.36 19.11 19.73 18.77 17.16 23.95 19.17 19.19 15308812
19.34,19.36 19.11 19.73 18.77 17.16 23.95 19.15 19.19 13872521
19.34,19.36 19.11 19.73 18.77 17.16 23.95 19.1799 19.19 13872521
19.365,19.360 19.110 19.730 18.770 17.156 23.954 19.1799 19.19 13971802
19.34,19.36 19.11 19.73 18.77 17.16 23.95 19.1799 19.19 13872521
19.11,19.36 19.11 19.73 18.77 17.16 23.95 19.18 19.19 15308812
19.12,19.36 19.11 19.73 18.77 17.16 23.95 19.18 19.19 15296219
19.365,19.360 19.110 19.730 18.770 17.156 23.954 19.18 19.19 13971802
19.11,19.36 19.11 19.73 18.77 17.16 23.95 19.18 19.19 15308812
19.12,19.36 19.11 19.73 18.77 17.16 23.95 19.18 19.19 15296219
19.365,19.360 19.110 19.730 18.770 17.156 23.954 19.18 19.19 13971802
19.11,19.36 19.11 19.73 18.77 17.16 23.95 19.18 19.19 15308812
19.365,19.360 19.110 19.730 18.770 17.156 23.954 19.18 19.19 13971802
19.11,19.36 19.11 19.73 18.77 17.16 23.95 19.16 19.19 15308812
19.34,19.36 19.11 19.73 18.77 17.16 23.95 19.16 19.19 13872521
19.12,19.36 19.11 19.73 18.77 17.16 23.95 19.16 19.19 15296219
19.365,19.360 19.110 19.730 18.770 17.156 23.954 19.16 19.19 13971802
19.12,19.36 19.11 19.73 18.77 17.16 23.95 19.16 19.19 15296219
19.11,19.36 19.11 19.73 18.77 17.16 23.95 19.16 19.19 15308812
19.11,19.36 19.11 19.73 18.77 17.16 23.95 19.16 19.19 15308812
19.365,19.360 19.110 19.730 18.770 17.156 23.954 19.16 19.19 13971802
19.12,19.36 19.11 19.73 18.77 17.16 23.95 19.16 19.19 15296219
19.34,19.36 19.11 19.73 18.77 17.16 23.95 19.16 19.19 13872521
19.11,19.36 19.11 19.73 18.77 17.16 23.95 19.16 19.19 15308812
19.17,19.36 19.11 19.73 18.77 17.13 23.88 19.15 19.11 19750217
19.17,19.36 19.11 19.73 18.77 17.13 23.88 19.15 19.11 19750217
19.17,19.36 19.11 19.73 18.77 17.13 23.88 19.15 19.11 19750217
19.17,19.36 19.11 19.73 18.77 17.13 23.88 19.15 19.11 19750217
19.17,19.36 19.11 19.73 18.77 17.13 23.88 19.15 19.11 19750217
19.17,19.36 19.11 19.73 18.77 17.19 23.84 19.15 19.11 19750217
19.17,19.36 19.11 19.73 18.77 17.13 23.88 19.15 19.03 19750217
19.17,19.36 19.11 19.73 18.77 17.19 23.84 19.15 19.03 19750217
19.17,19.36 19.11 19.73 18.77 17.13 23.88 19.15 19.03 19750217
19.17,19.36 19.11 19.73 18.77 17.19 23.84 19.15 19.03 19750217
19.17,19.36 19.11 19.73 18.77 17.13 23.88 19.15 19.03 19750217
19.17,19.36 19.11 19.73 18.77 17.19 23.84 19.15 19.03 19750217
19.17,19.36 19.11 19.73 18.77 17.19 23.84 19.15 19.03 19750217
19.17,19.36 19.11 19.73 18.77 17.19 23.84 19.15 19.03 19750217
19.17,19.36 19.11 19.73 18.77 17.13 23.88 19.15 19.03 19750217
19.17,19.36 19.11 19.73 18.77 17.13 23.88 19.15 19.03 19750217
19.17,19.36 19.11 19.73 18.77 17.13 23.88 19.15 19.03 19750217
19.17,19.36 19.11 19.73 18.77 17.13 23.88 19.15 19.03 19750217
19.17,19.36 19.11 19.73 18.77 17.13 23.88 19.15 19.03 19750217
19.17,19.36 19.11 19.73 18.77 17.19 23.84 19.15 19.03 19750217
19.17,19.36 19.11 19.73 18.77 17.19 23.84 19.15 19.03 19750217
19.17,19.36 19.11 19.73 18.77 17.13 23.88 19.15 19.03 19750217
19.17,19.36 19.11 19.73 18.77 17.19 23.84 19.15 19.03 19750217
19.17,19.36 19.11 19.73 18.77 17.19 23.84 19.15 19.03 19750217
19.17,19.36 19.11 19.73 18.77 17.19 23.84 19.15 19.03 19750217
19.17,19.36 19.11 19.73 18.77 17.13 23.88 19.15 19 19750217
19.17,19.36 19.11 19.73 18.77 17.13 23.88 19.15 19 19750217
19.17,19.36 19.11 19.73 18.77 17.19 23.84 19.15 19 19750217
19.17,19.36 19.11 19.73 18.77 17.13 23.88 19.15 19 19750217
19.17,19.36 19.11 19.73 18.77 17.19 23.84 19.15 19 19750217
19.17,19.36 19.11 19.73 18.77 17.13 23.88 19.15 19 19750217
19.17,19.36 19.11 19.73 18.77 17.19 23.84 19.15 19 19750217
19.17,19.36 19.11 19.73 18.77 17.19 23.84 19.15 19 19750217
19.17,19.36 19.11 19.73 18.77 17.19 23.84 19.15 19.01 19750217
19.17,19.36 19.11 19.73 18.77 17.19 23.84 19.15 19.01 19750217
19.17,19.36 19.11 19.73 18.77 17.19 23.84 19.15 19 19750217
19.17,19.36 19.11 19.73 18.77 17.19 23.84 19.15 18.91 19750217
19.17,19.36 19.11 19.73 18.77 17.13 23.88 19.15 18.91 19750217
19.17,19.36 19.11 19.73 18.77 17.19 23.84 19.15 18.92 19750217
19.17,19.36 19.11 19.73 18.77 17.19 23.84 19.15 18.92 19750217
19.17,19.36 19.11 19.73 18.77 17.19 23.84 19.15 18.92 19750217
19.17,19.36 19.11 19.73 18.77 17.19 23.84 19.15 19.03 19750217
19.17,19.36 19.11 19.73 18.77 17.13 23.88 19.15 19.10 19750217
19.17,19.36 19.11 19.73 18.77 17.19 23.84 19.15 19.11 19750217
19.17,19.36 19.11 19.73 18.77 17.19 23.84 19.15 19.11 19750217
19.17,19.36 19.11 19.73 18.77 17.19 23.84 19.15 19.11 19750217
19.17,19.36 19.11 19.73 18.77 17.19 23.84 19.15 19.11 19750217
19.17,19.36 19.11 19.73 18.77 17.19 23.84 19.15 19.11 19750217
19.17,19.36 19.11 19.73 18.77 17.13 23.88 19.15 19.15 19750217
19.17,19.36 19.11 19.73 18.77 17.19 23.84 19.15 19.10 19750217
19.17,19.36 19.11 19.73 18.77 17.13 23.88 19.15 19.14 19750217
19.17,19.36 19.11 19.73 18.77 17.19 23.84 19.15 19.0201 19750217
19.17,19.36 19.11 19.73 18.77 17.13 23.88 19.15 19.02 19750217
19.17,19.36 19.11 19.73 18.77 17.13 23.88 19.15 19.02 19750217
19.17,19.36 19.11 19.73 18.77 17.13 23.88 19.15 19.04 19750217
19.17,19.36 19.11 19.73 18.77 17.19 23.84 19.15 19.02 19750217
19.17,19.36 19.11 19.73 18.77 17.13 23.88 19.15 19.02 19750217
19.17,19.36 19.11 19.73 18.77 17.19 23.84 19.15 19.01 19750217
19.17,19.36 19.11 19.73 18.77 17.13 23.88 19.15 19.01 19750217
19.17,19.36 19.11 19.73 18.77 17.19 23.84 19.15 19.01 19809509
19.17,19.36 19.11 19.73 18.77 17.13 23.88 19.15 19.10 19750217
19.17,19.36 19.11 19.73 18.77 17.13 23.88 19.15 19.10 19750217
19.17,19.36 19.11 19.73 18.77 17.19 23.84 19.15 19 19750217
19.17,19.36 19.11 19.73 18.77 17.13 23.88 19.15 18.95 19750217
19.17,19.36 19.11 19.73 18.77 17.13 23.88 19.15 18.95 19750217
19.17,19.36 19.11 19.73 18.77 17.19 23.84 19.15 18.89 19809509
19.17,19.36 19.11 19.73 18.77 17.19 23.84 19.15 18.90 19809509
19.17,19.36 19.11 19.73 18.77 17.19 23.84 19.15 18.93 19750217
19.17,19.36 19.11 19.73 18.77 17.19 23.84 19.15 18.93 19750217
19.17,19.36 19.11 19.73 18.77 17.19 23.84 19.15 18.97 19844996
19.17,19.36 19.11 19.73 18.77 17.19 23.84 19.15 19.01 19750217
19.17,19.36 19.11 19.73 18.77 17.19 23.84 19.15 19.03 19750217
19.17,19.36 19.11 19.73 18.77 17.19 23.84 19.15 19.05 19750217
19.17,19.36 19.11 19.73 18.77 17.19 23.84 19.15 19.03 19809509
19.17,19.36 19.11 19.73 18.77 17.19 23.84 19.15 19.05 19750217
19.17,19.36 19.11 19.73 18.77 17.19 23.84 19.15 19 19750217
19.17,19.36 19.11 19.73 18.77 17.19 23.84 19.15 19.08 19809509
19.17,19.36 19.11 19.73 18.77 17.19 23.84 19.15 19.08 19750217
19.17,19.36 19.11 19.73 18.77 17.19 23.84 19.15 19.08 19809509
19.17,19.36 19.11 19.73 18.77 17.19 23.84 19.15 19.08 19809509
19.17,19.36 19.11 19.73 18.77 17.19 23.84 19.15 19.08 19750217
19.17,19.36 19.11 19.73 18.77 17.19 23.84 19.15 19.08 19844996
19.17,19.36 19.11 19.73 18.77 17.19 23.84 19.15 19.08 19809509
19.17,19.36 19.11 19.73 18.77 17.19 23.84 19.15 19.08 19809509
19.17,19.36 19.11 19.73 18.77 17.19 23.84 19.15 19.08 19809509
19.05,19.17 19.10 19.11 19.05 17.19 23.84 19.15 19.08 95331
19.17,19.36 19.11 19.73 18.77 17.19 23.84 19.15 19.08 19809509
19.17,19.36 19.11 19.73 18.77 17.19 23.84 19.15 19.08 19809509
18.87,19.17 19.10 19.15 18.70 17.19 23.84 19.15 19.08 1471981
19.05,19.17 19.10 19.11 19.05 17.19 23.84 19.15 19.08 95331
18.87,19.17 19.10 19.15 18.70 17.19 23.84 19.15 19.08 1471981
19.17,19.36 19.11 19.73 18.77 17.19 23.84 19.15 19.08 19844996
19.05,19.17 19.10 19.11 19.05 17.19 23.84 19.15 19.08 95331
19.17,19.36 19.11 19.73 18.77 17.19 23.84 19.15 19.08 19809509
18.87,19.17 19.10 19.15 18.70 17.19 23.84 19.15 19.08 1471981
19.17,19.36 19.11 19.73 18.77 17.19 23.84 19.15 19.08 19844996
19.17,19.36 19.11 19.73 18.77 17.19 23.84 19.15 19.08 19809509
19.17,19.36 19.11 19.73 18.77 17.19 23.84 19.15 19.08 19844996
19.17,19.36 19.11 19.73 18.77 17.19 23.84 19.15 19.08 19809509
19.05,19.17 19.10 19.11 19.05 17.19 23.84 19.15 19.08 95331
19.05,19.17 19.10 19.11 19.05 17.19 23.84 19.15 19.08 95331
19.17,19.36 19.11 19.73 18.77 17.19 23.84 19.15 19.08 19844996
19.17,19.36 19.11 19.73 18.77 17.19 23.84 19.15 19.08 19809509
19.17,19.36 19.11 19.73 18.77 17.19 23.84 19.15 19.08 19844996
19.17,19.36 19.11 19.73 18.77 17.19 23.84 19.15 19.08 19844996
19.05,19.17 19.10 19.11 19.05 17.19 23.84 19.15 19.08 95331
19.05,19.17 19.10 19.11 19.05 17.19 23.84 19.15 19.08 95331
19.17,19.36 19.11 19.73 18.77 17.19 23.84 19.15 19.08 19844996
19.17,19.36 19.11 19.73 18.77 17.19 23.84 19.15 19.08 19844996
19.17,19.36 19.11 19.73 18.77 17.19 23.84 19.15 19.08 19809509
19.17,19.36 19.11 19.73 18.77 17.19 23.84 19.15 19.08 19809509
19.17,19.36 19.11 19.73 18.77 17.19 23.84 19.15 19.08 19809509
19.05,19.17 19.10 19.11 19.05 17.19 23.84 19.15 19.08 95331
18.87,19.17 19.10 19.15 18.70 17.19 23.84 19.15 19.08 1471981
19.17,19.36 19.11 19.73 18.77 17.19 23.84 19.15 19.08 19844996
19.05,19.17 19.10 19.11 19.05 17.19 23.84 19.15 19.08 95331
19.17,19.36 19.11 19.73 18.77 17.19 23.84 19.15 19.08 19844996
19.05,19.17 19.10 19.11 19.05 17.19 23.84 19.15 19.08 95331
19.17,19.36 19.11 19.73 18.77 17.19 23.84 19.15 19.08 19844996
19.17,19.36 19.11 19.73 18.77 17.19 23.84 19.15 19.08 19844996
19.05,19.17 19.10 19.11 19.05 17.19 23.84 19.15 19.08 95331
18.33,19.17 19.10 19.15 18.33 17.22 23.79 18.40 19.10 16402786
18.33,19.17 19.10 19.15 18.33 17.22 23.79 18.40 19.10 16402786
18.33,19.17 19.10 19.15 18.33 17.22 23.79 18.40 19.10 16402786
18.33,19.17 19.10 19.15 18.33 17.22 23.79 18.40 19.10 16402786
18.33,19.17 19.10 19.15 18.33 17.22 23.79 18.40 19.10 16402786
18.33,19.17 19.10 19.15 18.33 17.22 23.79 18.40 19.10 16402786
18.33,19.17 19.10 19.15 18.33 17.22 23.79 18.40 19.10 16402786
18.33,19.17 19.10 19.15 18.33 17.22 23.79 18.40 19.10 16402786
18.33,19.17 19.10 19.15 18.33 17.22 23.79 18.40 19.10 16402786
18.33,19.17 19.10 19.15 18.33 17.22 23.79 18.40 19.10 16402786
18.33,19.17 19.10 19.15 18.33 17.22 23.79 18.40 19.10 16402786
18.33,19.17 19.10 19.15 18.33 17.22 23.79 18.40 19.10 16402786
18.33,19.17 19.10 19.15 18.33 17.22 23.79 18.40 19.10 16402786
18.33,19.17 19.10 19.15 18.33 17.22 23.79 18.40 19.10 16402786
18.33,19.17 19.10 19.15 18.33 17.22 23.79 18.40 19.10 16402786
18.33,19.17 19.10 19.15 18.33 17.22 23.79 18.40 19.10 16402786
18.33,19.17 19.10 19.15 18.33 17.22 23.79 18.40 19.10 16402786
18.33,19.17 19.10 19.15 18.33 17.22 23.79 18.40 19.10 16402786
18.33,19.17 19.10 19.15 18.33 17.22 23.79 18.40 19.10 16402786
18.33,19.17 19.10 19.15 18.33 17.22 23.79 18.40 19.10 16402786
18.33,19.17 19.10 19.15 18.33 17.22 23.79 18.40 19.10 16402786
18.33,19.17 19.10 19.15 18.33 17.22 23.79 18.40 19.10 16402786
18.33,19.17 19.10 19.15 18.33 17.22 23.79 18.40 19.10 16402786
18.33,19.17 19.10 19.15 18.33 17.22 23.79 18.40 19.10 16402786
18.33,19.17 19.10 19.15 18.33 17.22 23.79 18.40 19.10 16402786
18.33,19.17 19.10 19.15 18.33 17.22 23.79 18.40 19.10 16402786
18.33,19.17 19.10 19.15 18.33 17.22 23.79 18.40 19.10 16402786
18.33,19.17 19.10 19.15 18.33 17.22 23.79 18.40 19.10 16402786
18.33,19.17 19.10 19.15 18.33 17.22 23.79 18.40 19.10 16402786
18.33,19.17 19.10 19.15 18.33 17.22 23.79 18.40 19.10 16402786
18.33,19.17 19.10 19.15 18.33 17.22 23.79 18.40 19.10 16402786
18.33,19.17 19.10 19.15 18.33 17.22 23.79 18.40 19.10 16402786
18.33,19.17 19.10 19.15 18.33 17.22 23.79 18.40 19.10 16402786
18.33,19.17 19.10 19.15 18.33 17.22 23.79 18.40 19.10 16402786
18.33,19.17 19.10 19.15 18.33 17.22 23.79 18.40 19.10 16402786
18.33,19.17 19.10 19.15 18.33 17.22 23.79 18.40 19.10 16402786
18.33,19.17 19.10 19.15 18.33 17.22 23.79 18.40 19.10 16402786
18.33,19.17 19.10 19.15 18.33 17.22 23.79 18.40 19.10 16402786
18.33,19.17 19.10 19.15 18.33 17.22 23.79 18.40 19.10 16402786
18.33,19.17 19.10 19.15 18.33 17.22 23.79 18.40 19.10 16402786
18.33,19.17 19.10 19.15 18.33 17.22 23.79 18.40 19.10 16402786
18.33,19.17 19.10 19.15 18.33 17.22 23.79 18.40 18.65 16402786
18.33,19.17 19.10 19.15 18.33 17.22 23.79 18.40 18.65 16402786
18.33,19.17 19.10 19.15 18.33 17.22 23.79 18.40 18.65 16402786
18.33,19.17 19.10 19.15 18.33 17.22 23.79 18.40 18.65 16402786
18.33,19.17 19.10 19.15 18.33 17.22 23.79 18.40 18.60 16402786
18.33,19.17 19.10 19.15 18.33 17.22 23.79 18.40 18.60 16402786
18.33,19.17 19.10 19.15 18.33 17.22 23.79 18.40 18.60 16402786
18.33,19.17 19.10 19.15 18.33 17.22 23.79 18.40 18.55 16402786
18.33,19.17 19.10 19.15 18.33 17.22 23.79 18.40 18.55 16402786
18.33,19.17 19.10 19.15 18.33 17.22 23.79 18.40 18.64 16402786
18.33,19.17 19.10 19.15 18.33 17.22 23.79 18.40 18.62 16402786
18.33,19.17 19.10 19.15 18.33 17.22 23.79 18.40 18.60 16402786
18.33,19.17 19.10 19.15 18.33 17.22 23.79 18.40 18.65 16402786
18.33,19.17 19.10 19.15 18.33 17.22 23.79 18.40 18.70 16402786
18.33,19.17 19.10 19.15 18.33 17.22 23.79 18.40 18.70 16402786
18.33,19.17 19.10 19.15 18.33 17.22 23.79 18.40 18.70 16402786
18.33,19.17 19.10 19.15 18.33 17.22 23.79 18.40 18.70 16402786
18.33,19.17 19.10 19.15 18.33 17.22 23.79 18.40 18.70 16402786
18.33,19.17 19.10 19.15 18.33 17.22 23.79 18.40 18.66 16402786
18.33,19.17 19.10 19.15 18.33 17.22 23.79 18.40 18.70 16402786
18.33,19.17 19.10 19.15 18.33 17.22 23.79 18.40 18.70 16402786
18.33,19.17 19.10 19.15 18.33 17.22 23.79 18.40 18.70 16402786
18.33,19.17 19.10 19.15 18.33 17.22 23.79 18.40 18.70 16402786
18.33,19.17 19.10 19.15 18.33 17.22 23.79 18.40 18.71 16402786
18.33,19.17 19.10 19.15 18.33 17.22 23.79 18.40 18.70 16402786
18.33,19.17 19.10 19.15 18.33 17.22 23.79 18.40 18.70 16402786
18.33,19.17 19.10 19.15 18.33 17.22 23.79 18.40 18.65 16402786
18.33,19.17 19.10 19.15 18.33 17.22 23.79 18.40 18.69 16402786
18.33,19.17 19.10 19.15 18.33 17.22 23.79 18.40 18.65 16402786
18.33,19.17 19.10 19.15 18.33 17.22 23.79 18.40 18.65 16402786
18.33,19.17 19.10 19.15 18.33 17.22 23.79 18.40 18.65 16402786
18.33,19.17 19.10 19.15 18.33 17.22 23.79 18.40 18.65 16402786
18.33,19.17 19.10 19.15 18.33 17.22 23.79 18.40 18.62 16402786
18.33,19.17 19.10 19.15 18.33 17.22 23.79 18.40 18.62 16402786
18.33,19.17 19.10 19.15 18.33 17.22 23.79 18.40 18.63 16402786
18.33,19.17 19.10 19.15 18.33 17.22 23.79 18.40 18.62 16402786
18.33,19.17 19.10 19.15 18.33 17.22 23.79 18.40 18.62 16402786
18.33,19.17 19.10 19.15 18.33 17.22 23.79 18.40 18.64 16402786
18.33,19.17 19.10 19.15 18.33 17.22 23.79 18.40 18.66 16402786
18.33,19.17 19.10 19.15 18.33 17.22 23.79 18.40 18.61 16402786
18.33,19.17 19.10 19.15 18.33 17.22 23.79 18.40 18.61 16402786
18.33,19.17 19.10 19.15 18.33 17.22 23.79 18.40 18.61 16402786
18.33,19.17 19.10 19.15 18.33 17.22 23.79 18.40 18.60 16402786
18.33,19.17 19.10 19.15 18.33 17.22 23.79 18.40 18.60 16471381
18.33,19.17 19.10 19.15 18.33 17.22 23.79 18.40 18.58 16471381
18.33,19.17 19.10 19.15 18.33 17.22 23.79 18.40 18.60 16402786
18.33,19.17 19.10 19.15 18.33 17.22 23.79 18.40 18.66 16402786
18.33,19.17 19.10 19.15 18.33 17.22 23.79 18.40 18.62 16471381
18.33,19.17 19.10 19.15 18.33 17.22 23.79 18.40 18.63 16402786
18.33,19.17 19.10 19.15 18.33 17.22 23.79 18.40 18.64 16402786
18.33,19.17 19.10 19.15 18.33 17.22 23.79 18.40 18.64 16402786
18.33,19.17 19.10 19.15 18.33 17.22 23.79 18.40 18.64 16471381
18.33,19.17 19.10 19.15 18.33 17.22 23.79 18.40 18.65 16471381
18.33,19.17 19.10 19.15 18.33 17.22 23.79 18.40 18.65 16471381
18.33,19.17 19.10 19.15 18.33 17.22 23.79 18.40 18.65 16402786
18.33,19.17 19.10 19.15 18.33 17.22 23.79 18.40 18.65 16402786
18.33,19.17 19.10 19.15 18.33 17.22 23.79 18.40 18.65 16402786
18.33,19.17 19.10 19.15 18.33 17.22 23.79 18.40 18.65 16402786
18.33,19.17 19.10 19.15 18.33 17.22 23.79 18.40 18.65 16471381
18.33,19.17 19.10 19.15 18.33 17.22 23.79 18.40 18.65 16402786
18.33,19.17 19.10 19.15 18.33 17.22 23.79 18.40 18.65 16402786
18.33,19.17 19.10 19.15 18.33 17.22 23.79 18.40 18.65 16402786
18.33,19.17 19.10 19.15 18.33 17.22 23.79 18.40 18.65 16471381
18.33,19.17 19.10 19.15 18.33 17.22 23.79 18.40 18.65 16402786
18.33,19.17 19.10 19.15 18.33 17.22 23.79 18.40 18.65 16471381
18.33,19.17 19.10 19.15 18.33 17.22 23.79 18.40 18.65 16402786
18.33,19.17 19.10 19.15 18.33 17.22 23.79 18.40 18.65 16471381
18.33,19.17 19.10 19.15 18.33 17.22 23.79 18.40 18.65 16402786
18.33,19.17 19.10 19.15 18.33 17.22 23.79 18.40 18.65 16471381
18.33,19.17 19.10 19.15 18.33 17.22 23.79 18.40 18.65 16471381
18.33,19.17 19.10 19.15 18.33 17.22 23.79 18.40 18.65 16402786
17.66,18.33 18.61 18.74 17.52 17.25 23.74 17.65 17.82 21555641
17.66,18.33 18.61 18.74 17.52 17.25 23.74 17.65 17.83 21555641
17.66,18.33 18.61 18.74 17.52 17.25 23.74 17.65 17.82 21555641
17.66,18.33 18.61 18.74 17.52 17.25 23.74 17.65 17.83 21555641
17.66,18.33 18.61 18.74 17.52 17.25 23.74 17.65 17.84 21555641
17.66,18.33 18.61 18.74 17.52 17.25 23.74 17.65 17.85 21555641
17.66,18.33 18.61 18.74 17.52 17.25 23.74 17.65 17.85 21555641
17.66,18.33 18.61 18.74 17.52 17.25 23.74 17.65 17.88 21555641
17.66,18.33 18.61 18.74 17.52 17.25 23.74 17.65 17.88 21555641
17.66,18.33 18.61 18.74 17.52 17.25 23.74 17.65 17.86 21555641
17.66,18.33 18.61 18.74 17.52 17.25 23.74 17.65 17.82 21555641
17.66,18.33 18.61 18.74 17.52 17.25 23.74 17.65 17.75 21555641
17.66,18.33 18.61 18.74 17.52 17.25 23.74 17.65 17.75 21555641
17.66,18.33 18.61 18.74 17.52 17.25 23.74 17.65 17.76 21555641
17.66,18.33 18.61 18.74 17.52 17.25 23.74 17.65 17.79 21555641
17.66,18.33 18.61 18.74 17.52 17.25 23.74 17.65 17.73 21555641
17.66,18.33 18.61 18.74 17.52 17.25 23.74 17.65 17.82 21555641
17.66,18.33 18.61 18.74 17.52 17.25 23.74 17.65 17.70 21555641
17.66,18.33 18.61 18.74 17.52 17.25 23.74 17.65 17.68 21555641
17.66,18.33 18.61 18.74 17.52 17.25 23.74 17.65 17.68 21555641
17.66,18.33 18.61 18.74 17.52 17.25 23.74 17.65 17.68 21555641
17.66,18.33 18.61 18.74 17.52 17.25 23.74 17.65 17.68 21555641
17.66,18.33 18.61 18.74 17.52 17.25 23.74 17.65 17.68 21555641
17.66,18.33 18.61 18.74 17.52 17.25 23.74 17.65 17.68 21555641
17.66,18.33 18.61 18.74 17.52 17.25 23.74 17.65 17.68 21555641
17.66,18.33 18.61 18.74 17.52 17.25 23.74 17.65 17.68 21555641
17.66,18.33 18.61 18.74 17.52 17.25 23.74 17.65 17.68 21555641
17.66,18.33 18.61 18.74 17.52 17.25 23.74 17.65 17.68 21555641
17.66,18.33 18.61 18.74 17.52 17.25 23.74 17.65 17.68 21555641
17.66,18.33 18.61 18.74 17.52 17.25 23.74 17.65 17.68 21555641
16.61,17.66 17.69 17.77 16.38 17.23 23.69 16.58 16.80 33207611
16.61,17.66 17.69 17.77 16.38 17.23 23.69 16.58 16.80 33207611
16.61,17.66 17.69 17.77 16.38 17.23 23.69 16.58 16.80 33207811
16.61,17.66 17.69 17.77 16.38 17.23 23.69 16.58 16.80 33207811
16.61,17.66 17.69 17.77 16.38 17.23 23.69 16.58 16.80 33207811
